symbol,session_name,session_start,session_end,opening_end,opening_return,opening_abs_return,opening_range,opening_quote_volume,direction_value,confirmation_end,confirmation_return,confirmation_body_fraction,confirmation_taker_pressure,confirmation_high,confirmation_low,entry_price,prior_atr_1h,remaining_count,prior_abs_return_threshold,prior_volume_threshold,prior_range_threshold,directional_breadth,route,route_priority,entry_ts,initial_stop,rank_score,exit_ts,exit_price,exit_reason,gross_return,net_return,holding_minutes
BTCUSDT,ASIA,2024-05-01 00:00:00+00:00,2024-05-01 08:00:00+00:00,2024-05-01 00:30:00+00:00,-0.004293402273986224,0.004293402273986224,0.0076948188988840635,298830996.0741,-1.0,2024-05-01 07:35:00+00:00,-0.007351596755776013,0.6775834658187668,-0.03080559307306241,58129.0,57500.0,57547.6,396.524999999999,5,0.0021334213832463478,356576816.4841499,0.006247708246736924,1.0,SESSION_BREADTH_TSMOM,2,2024-05-01 07:35:00+00:00,58168.6525,4.957156112700128,2024-05-01 08:00:00+00:00,57482.0,SESSION_END,0.0011399259048161525,-0.0008600740951838475,25.0
SOLUSDT,AMERICA,2024-05-01 16:00:00+00:00,2024-05-02 00:00:00+00:00,2024-05-01 16:30:00+00:00,0.0148389607862216,0.0148389607862216,0.023053095909960783,81427373.552,1.0,2024-05-01 23:35:00+00:00,0.005694402873391402,0.7482792527040582,0.20989937242747803,134.45,133.433,134.401,0.5715833333333364,5,0.005614449082616824,132243625.39929998,0.017690741698098464,1.0,SESSION_BREADTH_TSMOM,2,2024-05-01 23:35:00+00:00,133.37584166666664,6.888260310357328,2024-05-02 00:00:00+00:00,134.541,SESSION_END,0.0010416589162280943,-0.0009583410837719058,25.0
XRPUSDT,EUROPE,2024-05-03 08:00:00+00:00,2024-05-03 16:00:00+00:00,2024-05-03 08:30:00+00:00,0.009264620729589002,0.009264620729589002,0.01621308627678047,14194384.51804,1.0,2024-05-03 15:35:00+00:00,0.0038233607340851794,0.7692307692307561,0.10885336344403074,0.5252,0.5226,0.5251,0.0009999999999999825,5,0.0024587841870071236,18784877.761151,0.01087885036358409,1.0,SESSION_BREADTH_TSMOM,2,2024-05-03 15:35:00+00:00,0.5225,11.231038601966599,2024-05-03 16:00:00+00:00,0.5265,SESSION_END,0.0026661588268901415,0.0006661588268901415,25.0
SOLUSDT,ASIA,2024-05-16 00:00:00+00:00,2024-05-16 08:00:00+00:00,2024-05-16 00:30:00+00:00,0.01226455587537223,0.01226455587537223,0.025071958794122155,183502898.649,1.0,2024-05-16 07:35:00+00:00,0.0026471149525058024,0.6323529411764742,0.005519946942406095,163.011,162.331,162.871,0.3858333333333353,5,0.005327552208858388,63031232.3666,0.013055106209012205,0.25,HIGH_ACTIVITY_SESSION_TSMOM,1,2024-05-16 07:35:00+00:00,162.29241666666667,8.37763153289072,2024-05-16 08:00:00+00:00,162.683,SESSION_END,-0.0011542877492003445,-0.0031542877492003445,25.0
ETHUSDT,ASIA,2024-05-24 00:00:00+00:00,2024-05-24 08:00:00+00:00,2024-05-24 00:30:00+00:00,-0.003162658958621112,0.003162658958621112,0.011485445691834897,269556577.15615,-1.0,2024-05-24 07:35:00+00:00,-0.0031501783835952146,0.8329749103942683,-0.03878226410852137,3689.99,3676.04,3677.06,14.728333333333353,5,0.0023996937977401878,142968579.105838,0.006933211230043516,1.0,SESSION_BREADTH_TSMOM,2,2024-05-24 07:35:00+00:00,3691.462833333333,4.969765095615249,2024-05-24 08:00:00+00:00,3681.26,SESSION_END,-0.0011422168797898813,-0.0031422168797898813,25.0
ETHUSDT,AMERICA,2024-05-24 16:00:00+00:00,2024-05-25 00:00:00+00:00,2024-05-24 16:30:00+00:00,-0.0044321779365207314,0.0044321779365207314,0.011091268230646368,422225793.10121,-1.0,2024-05-24 23:35:00+00:00,-0.0008124304540763072,0.5838150289018177,-0.1586438355461982,3729.97,3724.78,3726.52,5.01666666666669,5,0.0026022163704949586,294317981.137794,0.009739980607927436,1.0,SESSION_BREADTH_TSMOM,2,2024-05-24 23:35:00+00:00,3730.4716666666664,4.886880764915497,2024-05-24 23:50:00+00:00,3730.4716666666664,CONFIRMATION_LEG_INVALIDATED,-0.001060417404620484,-0.003060417404620484,15.0
ETHUSDT,EUROPE,2024-05-27 08:00:00+00:00,2024-05-27 16:00:00+00:00,2024-05-27 08:30:00+00:00,0.00890068268363886,0.00890068268363886,0.011288670720712622,395194713.39531,1.0,2024-05-27 15:35:00+00:00,0.001832241866091433,0.9703903095558809,0.17415553678019502,3942.5,3935.07,3942.28,13.343333333333325,5,0.002526258390520786,176754786.981065,0.008631501727957848,1.0,SESSION_BREADTH_TSMOM,2,2024-05-27 15:35:00+00:00,3933.735666666667,15.754894049611465,2024-05-27 16:00:00+00:00,3966.13,SESSION_END,0.006049798593707134,0.004049798593707134,25.0
BTCUSDT,EUROPE,2024-05-28 08:00:00+00:00,2024-05-28 16:00:00+00:00,2024-05-28 08:30:00+00:00,0.004621035235947479,0.004621035235947479,0.00630611072467107,329308316.93369997,1.0,2024-05-28 15:35:00+00:00,0.0013536179854634067,0.5778894472361915,0.24028220978964088,68100.0,67940.8,68058.0,220.86666666666497,5,0.0015990681086228697,323716363.34905994,0.005809860711590412,1.0,SESSION_BREADTH_TSMOM,2,2024-05-28 15:35:00+00:00,67918.71333333333,6.273330746056928,2024-05-28 16:00:00+00:00,68399.7,SESSION_END,0.005020717623203774,0.003020717623203774,25.0
ETHUSDT,EUROPE,2024-05-29 08:00:00+00:00,2024-05-29 16:00:00+00:00,2024-05-29 08:30:00+00:00,-0.004609499805213968,0.004609499805213968,0.012416627665888455,563057842.70866,-1.0,2024-05-29 15:35:00+00:00,-0.002739893324696041,0.6315789473684255,-0.0018175741754676844,3770.31,3753.97,3756.25,13.149166666666625,5,0.0026177652804503238,196031835.478256,0.00868000917271569,1.0,SESSION_BREADTH_TSMOM,2,2024-05-29 15:35:00+00:00,3771.6249166666666,10.115317035310829,2024-05-29 15:40:00+00:00,3771.6249166666666,CONFIRMATION_LEG_INVALIDATED,-0.004093155851358832,-0.006093155851358832,5.0
ETHUSDT,AMERICA,2024-05-29 16:00:00+00:00,2024-05-30 00:00:00+00:00,2024-05-29 16:30:00+00:00,-0.0029284911361323607,0.0029284911361323607,0.006547914845217903,322471647.35666,-1.0,2024-05-29 23:35:00+00:00,-0.0008877240446398815,0.6829268292683085,-0.21746016955636926,3784.96,3780.04,3781.6,6.039166666666612,5,0.0025865812330044813,299646335.656999,0.009636718203482471,1.0,SESSION_BREADTH_TSMOM,2,2024-05-29 23:35:00+00:00,3785.5639166666665,2.436858727081,2024-05-30 00:00:00+00:00,3770.0,SESSION_END,0.0030674846625766694,0.0010674846625766694,25.0
ETHUSDT,ASIA,2024-06-04 00:00:00+00:00,2024-06-04 08:00:00+00:00,2024-06-04 00:30:00+00:00,-0.004401534567567089,0.004401534567567089,0.013796250603585964,422723276.69061,-1.0,2024-06-04 07:35:00+00:00,-0.00086405453615368,1.0,-0.547503758964804,3772.91,3769.65,3769.65,4.494166666666577,5,0.002350052048109008,133870200.12976596,0.006380526394709869,1.0,SESSION_BREADTH_TSMOM,2,2024-06-04 07:35:00+00:00,3773.3594166666667,11.828478404950348,2024-06-04 07:40:00+00:00,3773.3594166666667,CONFIRMATION_LEG_INVALIDATED,-0.0009840215050911372,-0.002984021505091137,5.0
BTCUSDT,AMERICA,2024-06-04 16:00:00+00:00,2024-06-05 00:00:00+00:00,2024-06-04 16:30:00+00:00,0.00608153254052568,0.00608153254052568,0.007521410200575626,1157075846.6234,1.0,2024-06-04 23:35:00+00:00,0.0016451710892764204,0.9991379310344326,0.26212250987828045,70564.5,70448.5,70564.5,70.4333333333331,5,0.0029398132709262947,653467014.6106229,0.008861614562591573,0.75,SESSION_BREADTH_TSMOM,2,2024-06-04 23:35:00+00:00,70441.45666666667,6.410169229688348,2024-06-05 00:00:00+00:00,70580.0,SESSION_END,0.00021965719306460407,-0.001780342806935396,25.0
SOLUSDT,EUROPE,2024-06-10 08:00:00+00:00,2024-06-10 16:00:00+00:00,2024-06-10 08:30:00+00:00,0.011526116136562736,0.011526116136562736,0.013968358686136932,64613958.12900001,1.0,2024-06-10 15:35:00+00:00,0.003880589601261697,0.8234519104084164,0.07915363362664118,161.716,160.957,161.683,0.4998333333333349,5,0.0027715980711495725,60795183.73149999,0.011076714458385041,1.0,SESSION_BREADTH_TSMOM,2,2024-06-10 15:35:00+00:00,160.90701666666666,10.48859109787308,2024-06-10 16:00:00+00:00,162.36,SESSION_END,0.004187205828689589,0.0021872058286895885,25.0
SOLUSDT,AMERICA,2024-06-11 16:00:00+00:00,2024-06-12 00:00:00+00:00,2024-06-11 16:30:00+00:00,0.008598026993332786,0.008598026993332786,0.01543444089110515,81703466.653,1.0,2024-06-11 23:35:00+00:00,0.00131666453940249,0.5185185185184935,0.03244578085801564,149.179,148.801,149.057,0.34158333333333246,5,0.003975868208612066,99796793.42899999,0.014957575117773745,1.0,SESSION_BREADTH_TSMOM,2,2024-06-11 23:35:00+00:00,148.76684166666666,4.462996324522443,2024-06-12 00:00:00+00:00,149.245,SESSION_END,0.0012612624700618635,-0.0007387375299381365,25.0
XRPUSDT,EUROPE,2024-06-17 08:00:00+00:00,2024-06-17 16:00:00+00:00,2024-06-17 08:30:00+00:00,-0.006611901422560518,0.006611901422560518,0.011821278300941727,30438072.154740002,-1.0,2024-06-17 15:35:00+00:00,-0.0063583815028901425,0.8249999999999916,-0.24236357725637325,0.5191,0.5151,0.5157,0.0035083333333333355,5,0.002091612633340345,13317016.927277999,0.00844495134224005,1.0,SESSION_BREADTH_TSMOM,2,2024-06-17 15:35:00+00:00,0.5194508333333333,14.450580704657497,2024-06-17 16:00:00+00:00,0.5094,SESSION_END,0.01221640488656206,0.01021640488656206,25.0
ETHUSDT,AMERICA,2024-06-17 16:00:00+00:00,2024-06-18 00:00:00+00:00,2024-06-17 16:30:00+00:00,0.0029263604143245914,0.0029263604143245914,0.01320723952388719,655757797.96829,1.0,2024-06-17 23:35:00+00:00,0.0009703196347032872,0.7589285714286657,0.11249685261588005,3507.99,3503.51,3507.4,6.109166666666624,5,0.002563488738603903,302936799.78259,0.009562538869720121,0.75,SESSION_BREADTH_TSMOM,2,2024-06-17 23:35:00+00:00,3502.8990833333337,4.3244001984657086,2024-06-17 23:50:00+00:00,3502.8990833333337,CONFIRMATION_LEG_INVALIDATED,-0.0012832630058352557,-0.0032832630058352557,15.0
XRPUSDT,ASIA,2024-06-18 00:00:00+00:00,2024-06-18 08:00:00+00:00,2024-06-18 00:30:00+00:00,-0.0019825535289452745,0.0019825535289452745,0.010111022997620924,14674008.00336,-1.0,2024-06-18 07:35:00+00:00,-0.002201761409127312,0.5789473684210603,-0.06981913990111976,0.5003,0.4984,0.4985,0.0025583333333333382,5,0.0016279399037016917,10412554.742077999,0.006647626911169637,1.0,SESSION_BREADTH_TSMOM,2,2024-06-18 07:35:00+00:00,0.5005558333333333,3.7046314564076073,2024-06-18 07:40:00+00:00,0.5005558333333333,CONFIRMATION_LEG_INVALIDATED,-0.004124038783015704,-0.006124038783015704,5.0
XRPUSDT,AMERICA,2024-06-18 16:00:00+00:00,2024-06-19 00:00:00+00:00,2024-06-18 16:30:00+00:00,-0.007011755001031128,0.007011755001031128,0.013611053825531027,19141762.04943,-1.0,2024-06-18 23:35:00+00:00,-0.0010183299389001643,0.8333333333333488,-0.4081152193536298,0.491,0.4904,0.4905,0.0007833333333333257,5,0.0024809139825671678,16916138.043036003,0.009051447927344154,1.0,SESSION_BREADTH_TSMOM,2,2024-06-18 23:35:00+00:00,0.49107833333333334,8.499995893937275,2024-06-19 00:00:00+00:00,0.49107833333333334,CONFIRMATION_LEG_INVALIDATED,-0.0011790689772341878,-0.003179068977234188,25.0
BTCUSDT,EUROPE,2024-07-04 08:00:00+00:00,2024-07-04 16:00:00+00:00,2024-07-04 08:30:00+00:00,-0.0026540007558318868,0.0026540007558318868,0.0073693613220187585,527989447.1739,-1.0,2024-07-04 15:35:00+00:00,-0.0015829307876559229,0.512965050732803,-0.3229667386641649,57546.6,57369.2,57397.3,181.30833333333248,5,0.0014715432151485297,316170556.15455,0.005368835509619276,1.0,SESSION_BREADTH_TSMOM,2,2024-07-04 15:35:00+00:00,57564.730833333335,6.023679223635714,2024-07-04 15:45:00+00:00,57564.730833333335,CONFIRMATION_LEG_INVALIDATED,-0.0029170506858917644,-0.0049170506858917645,10.0
XRPUSDT,ASIA,2024-07-05 00:00:00+00:00,2024-07-05 08:00:00+00:00,2024-07-05 00:30:00+00:00,-0.00993760110931352,0.00993760110931352,0.02380402126184418,42982387.15745,-1.0,2024-07-05 07:35:00+00:00,-0.005722816621049898,0.9583333333333371,-0.18949171505243023,0.4019,0.3995,0.3996,0.0018750000000000062,5,0.00159904057565452,9692274.356864,0.006073967571397841,0.75,SESSION_BREADTH_TSMOM,2,2024-07-05 07:35:00+00:00,0.4020875,48.23085463417276,2024-07-05 07:55:00+00:00,0.4020875,CONFIRMATION_LEG_INVALIDATED,-0.006224974974974984,-0.008224974974974984,20.0
XRPUSDT,AMERICA,2024-07-05 16:00:00+00:00,2024-07-06 00:00:00+00:00,2024-07-05 16:30:00+00:00,0.005185010605703422,0.005185010605703422,0.010370021211407059,9831867.49112,1.0,2024-07-05 23:35:00+00:00,0.001174260216063816,0.5,0.050405880394907454,0.4263,0.4253,0.4263,0.0008666666666666591,5,0.002453293074165086,16780093.003468,0.008195770439859083,0.5,HIGH_ACTIVITY_SESSION_TSMOM,1,2024-07-05 23:35:00+00:00,0.42521333333333333,4.011264819065091,2024-07-05 23:50:00+00:00,0.42521333333333333,CONFIRMATION_LEG_INVALIDATED,-0.0025490656032528536,-0.004549065603252854,15.0
SOLUSDT,ASIA,2024-07-06 00:00:00+00:00,2024-07-06 08:00:00+00:00,2024-07-06 00:30:00+00:00,0.007107998360839085,0.007107998360839085,0.013873263048094437,48239549.974,1.0,2024-07-06 07:35:00+00:00,0.0022679054795522458,0.51155115511552,0.015636974085477817,137.0,136.394,137.0,0.53025,5,0.004060138984486539,49396304.695,0.011028374636247262,0.75,SESSION_BREADTH_TSMOM,2,2024-07-06 07:35:00+00:00,136.34097500000001,3.853998821016974,2024-07-06 08:00:00+00:00,136.836,SESSION_END,-0.0011970802919707424,-0.0031970802919707424,25.0
SOLUSDT,AMERICA,2024-07-08 16:00:00+00:00,2024-07-09 00:00:00+00:00,2024-07-08 16:30:00+00:00,-0.014548974512001545,0.014548974512001545,0.027176523675744774,89083700.617,-1.0,2024-07-08 23:35:00+00:00,-0.0028583065962570764,0.7207207207207221,-0.19938320126880815,139.967,139.412,139.543,0.40825000000000244,5,0.004234761323227532,94032385.27959998,0.014938082603388124,1.0,SESSION_BREADTH_TSMOM,2,2024-07-08 23:35:00+00:00,140.00782500000003,12.500646860962679,2024-07-09 00:00:00+00:00,139.74,SESSION_END,-0.0014117512164708579,-0.003411751216470858,25.0
ETHUSDT,AMERICA,2024-07-09 16:00:00+00:00,2024-07-10 00:00:00+00:00,2024-07-09 16:30:00+00:00,0.0027954007991519703,0.0027954007991519703,0.008806980347386447,197745803.0196,1.0,2024-07-09 23:35:00+00:00,0.0015268123949703227,0.6980568011958198,0.024759631255480752,3063.71,3057.02,3063.33,6.359166666666586,5,0.0024884717469019213,272836140.98605394,0.008733708487823007,1.0,SESSION_BREADTH_TSMOM,2,2024-07-09 23:35:00+00:00,3056.3840833333334,2.265529395381229,2024-07-10 00:00:00+00:00,3065.06,SESSION_END,0.0005647449017898154,-0.0014352550982101846,25.0
XRPUSDT,ASIA,2024-07-14 00:00:00+00:00,2024-07-14 08:00:00+00:00,2024-07-14 00:30:00+00:00,-0.007992388201712664,0.007992388201712664,0.021313035204567055,51338402.08279,-1.0,2024-07-14 07:35:00+00:00,-0.003037782418834123,0.7999999999999667,-0.28137261302213834,0.5268,0.5248,0.5251,0.0026583333333332995,5,0.0016121320219407154,9621044.578958,0.006287782537380858,0.25,HIGH_ACTIVITY_SESSION_TSMOM,1,2024-07-14 07:35:00+00:00,0.5270658333333333,33.067860636853425,2024-07-14 08:00:00+00:00,0.5261,SESSION_END,-0.0019043991620644185,-0.0039043991620644185,25.0
BTCUSDT,EUROPE,2024-07-14 08:00:00+00:00,2024-07-14 16:00:00+00:00,2024-07-14 08:30:00+00:00,0.004287770359413079,0.004287770359413079,0.006096829648582738,341525499.64919996,1.0,2024-07-14 15:35:00+00:00,0.0016630655842269082,0.6221111805121764,0.24785686951262087,60049.5,59889.4,59989.0,150.05833333333248,5,0.0014856553405004913,320505026.23752,0.005666683779046628,1.0,SESSION_BREADTH_TSMOM,2,2024-07-14 15:35:00+00:00,59874.394166666665,6.210385045492602,2024-07-14 16:00:00+00:00,60053.3,SESSION_END,0.0010718631749153662,-0.0009281368250846338,25.0
SOLUSDT,ASIA,2024-07-15 00:00:00+00:00,2024-07-15 08:00:00+00:00,2024-07-15 00:30:00+00:00,0.009805383135012002,0.009805383135012002,0.01691377768140304,61141677.2,1.0,2024-07-15 07:35:00+00:00,0.001717192162290937,0.8483870967741125,0.013530836584281891,153.467,153.157,153.42,0.4509166666666739,5,0.0045452565238226494,49908711.303399995,0.011089277258529845,1.0,SESSION_BREADTH_TSMOM,2,2024-07-15 07:35:00+00:00,153.11190833333333,6.580721939246203,2024-07-15 08:00:00+00:00,153.168,SESSION_END,-0.0016425498631207347,-0.0036425498631207347,25.0
XRPUSDT,AMERICA,2024-07-15 16:00:00+00:00,2024-07-16 00:00:00+00:00,2024-07-15 16:30:00+00:00,0.008404966571155859,0.008404966571155859,0.01623686723973248,21137940.60448,1.0,2024-07-15 23:35:00+00:00,0.002056459151243306,0.5499999999999945,0.16493691725785098,0.5363,0.5343,0.536,0.0015583333333333467,5,0.002467105263157854,16543664.58401,0.008892625063928496,1.0,SESSION_BREADTH_TSMOM,2,2024-07-15 23:35:00+00:00,0.5341441666666666,12.440864624580085,2024-07-16 00:00:00+00:00,0.5368,SESSION_END,0.0014925373134329067,-0.0005074626865670933,25.0
XRPUSDT,AMERICA,2024-07-17 16:00:00+00:00,2024-07-18 00:00:00+00:00,2024-07-17 16:30:00+00:00,0.006143118047484686,0.006143118047484686,0.020587746969948476,71887240.63977,1.0,2024-07-17 23:35:00+00:00,0.0038113387327298742,0.5853658536585273,0.16265351488528945,0.6335,0.6294,0.6321,0.00434166666666667,5,0.002467105263157854,16767098.506102,0.008974010635870198,0.25,HIGH_ACTIVITY_SESSION_TSMOM,1,2024-07-17 23:35:00+00:00,0.6289658333333333,13.344585606149142,2024-07-17 23:45:00+00:00,0.6289658333333333,CONFIRMATION_LEG_INVALIDATED,-0.004958339925117294,-0.006958339925117294,10.0
XRPUSDT,EUROPE,2024-07-18 08:00:00+00:00,2024-07-18 16:00:00+00:00,2024-07-18 08:30:00+00:00,-0.011728182131769627,0.011728182131769627,0.023973784063470203,78904544.27599,-1.0,2024-07-18 15:35:00+00:00,-0.0059544658493869695,0.8947368421052724,-0.2060182010877799,0.571,0.5672,0.5676,0.0037083333333333413,5,0.002119928925178427,13278829.373340998,0.008406223127524677,0.25,HIGH_ACTIVITY_SESSION_TSMOM,1,2024-07-18 15:35:00+00:00,0.5713708333333333,41.092412540635586,2024-07-18 16:00:00+00:00,0.5626,SESSION_END,0.00880902043692744,0.006809020436927439,25.0
XRPUSDT,ASIA,2024-07-19 00:00:00+00:00,2024-07-19 08:00:00+00:00,2024-07-19 00:30:00+00:00,-0.02810468997013882,0.02810468997013882,0.03583347971192688,74976700.95326,-1.0,2024-07-19 07:35:00+00:00,-0.0025316455696203777,0.7368421052631886,-0.1613257203726346,0.5532,0.5513,0.5516,0.002375000000000025,5,0.0016380016380016515,10290755.635206,0.006680922156458129,1.0,SESSION_BREADTH_TSMOM,2,2024-07-19 07:35:00+00:00,0.5534375,250.01929393491758,2024-07-19 08:00:00+00:00,0.549,SESSION_END,0.00471356055112393,0.0027135605511239298,25.0
XRPUSDT,AMERICA,2024-07-19 16:00:00+00:00,2024-07-20 00:00:00+00:00,2024-07-19 16:30:00+00:00,0.013511111111111251,0.013511111111111251,0.01831111111111107,36581991.48079,1.0,2024-07-19 23:35:00+00:00,0.00158033362598764,0.6428571428571712,0.1691254201632184,0.5706,0.5692,0.5704,0.0018749999999999971,5,0.0024947227019764817,16857901.021619998,0.009135079392032652,1.0,SESSION_BREADTH_TSMOM,2,2024-07-19 23:35:00+00:00,0.5690125,23.50512833204172,2024-07-20 00:00:00+00:00,0.5729,SESSION_END,0.004382889200560847,0.0023828892005608466,25.0
BTCUSDT,ASIA,2024-07-20 00:00:00+00:00,2024-07-20 08:00:00+00:00,2024-07-20 00:30:00+00:00,-0.0034144855233317895,0.0034144855233317895,0.0062271210709026435,345723231.33000004,-1.0,2024-07-20 07:35:00+00:00,-0.0008387952559300027,0.8972712680576496,-0.24669022291145526,66643.3,66581.0,66587.3,57.53333333333527,5,0.0016378704438058667,285594287.63684994,0.005182851397587029,1.0,SESSION_BREADTH_TSMOM,2,2024-07-20 07:35:00+00:00,66649.05333333333,5.047249485418105,2024-07-20 08:00:00+00:00,66526.3,SESSION_END,0.0009160906058662821,-0.001083909394133718,25.0
XRPUSDT,EUROPE,2024-07-20 08:00:00+00:00,2024-07-20 16:00:00+00:00,2024-07-20 08:30:00+00:00,-0.004032935641068658,0.004032935641068658,0.01092253402789439,22977726.50363,-1.0,2024-07-20 15:35:00+00:00,-0.0026990553306343035,0.5333333333333481,-0.018372700527099606,0.5936,0.5906,0.5912,0.001666666666666659,5,0.002189260954687078,13638820.278727997,0.00867891671170351,0.25,HIGH_ACTIVITY_SESSION_TSMOM,1,2024-07-20 15:35:00+00:00,0.5937666666666667,3.8793951826380924,2024-07-20 16:00:00+00:00,0.5912,SESSION_END,-0.0,-0.002,25.0
SOLUSDT,EUROPE,2024-07-24 08:00:00+00:00,2024-07-24 16:00:00+00:00,2024-07-24 08:30:00+00:00,0.010950644577794266,0.010950644577794266,0.01971919951764349,104371776.15400001,1.0,2024-07-24 15:35:00+00:00,0.0029215265674575885,0.6504975124378275,0.13304408256629308,179.64,178.836,179.539,1.0951666666666664,5,0.0027715980711495725,55900893.0862,0.010154670024862823,0.75,SESSION_BREADTH_TSMOM,2,2024-07-24 15:35:00+00:00,178.72648333333333,13.426751379690797,2024-07-24 15:45:00+00:00,178.72648333333333,CONFIRMATION_LEG_INVALIDATED,-0.00452557197414849,-0.00652557197414849,10.0
SOLUSDT,ASIA,2024-07-29 00:00:00+00:00,2024-07-29 08:00:00+00:00,2024-07-29 00:30:00+00:00,0.01717458118696169,0.01717458118696169,0.027525864681182576,204002913.589,1.0,2024-07-29 07:35:00+00:00,0.004006719602666964,0.9672544080604407,0.1606620128949443,192.461,191.667,192.446,0.6100833333333332,5,0.004442440943164483,51251220.31299999,0.011054419949976416,1.0,SESSION_BREADTH_TSMOM,2,2024-07-29 07:35:00+00:00,191.60599166666668,30.77702571496999,2024-07-29 08:00:00+00:00,192.302,SESSION_END,-0.0007482618500774807,-0.0027482618500774807,25.0
XRPUSDT,ASIA,2024-07-30 00:00:00+00:00,2024-07-30 08:00:00+00:00,2024-07-30 00:30:00+00:00,0.002326740900780999,0.002326740900780999,0.010470334053514994,13679503.20733,1.0,2024-07-30 07:35:00+00:00,0.0033439224209999008,0.5714285714285805,0.2707251202861718,0.6011,0.5976,0.6001,0.0008583333333333498,5,0.001679256984170041,11112831.65039,0.007310532444001071,0.5,HIGH_ACTIVITY_SESSION_TSMOM,1,2024-07-30 07:35:00+00:00,0.5975141666666667,2.9766902785595613,2024-07-30 08:00:00+00:00,0.5996,SESSION_END,-0.0008331944675886716,-0.0028331944675886716,25.0
XRPUSDT,AMERICA,2024-07-31 16:00:00+00:00,2024-08-01 00:00:00+00:00,2024-07-31 16:30:00+00:00,-0.006752608962553697,0.006752608962553697,0.011663597298956494,34717800.90217,-1.0,2024-07-31 23:35:00+00:00,-0.003819831290784559,0.7741935483870852,-0.09219301516520473,0.6287,0.6256,0.6259,0.0019416666666666842,5,0.0025456199770836907,16952624.823871,0.009243710312401988,0.25,HIGH_ACTIVITY_SESSION_TSMOM,1,2024-07-31 23:35:00+00:00,0.6288941666666668,6.790524192426114,2024-08-01 00:00:00+00:00,0.623,SESSION_END,0.004633328007669024,0.002633328007669024,25.0
BTCUSDT,ASIA,2024-08-02 00:00:00+00:00,2024-08-02 08:00:00+00:00,2024-08-02 00:30:00+00:00,-0.002188920693719454,0.002188920693719454,0.005986621561634168,328614885.67950004,-1.0,2024-08-02 07:35:00+00:00,-0.0018433437137789221,0.8799999999999677,-0.09642532218273459,64448.1,64313.1,64329.3,180.72500000000036,5,0.0015516147225222987,288490928.02774996,0.005370230209467289,0.75,SESSION_BREADTH_TSMOM,2,2024-08-02 07:35:00+00:00,64466.1725,2.812155007354809,2024-08-02 08:00:00+00:00,64146.0,SESSION_END,0.002849401439157684,0.0008494014391576838,25.0
SOLUSDT,EUROPE,2024-08-02 08:00:00+00:00,2024-08-02 16:00:00+00:00,2024-08-02 08:30:00+00:00,0.005516882279650082,0.005516882279650082,0.01205035859734828,54471562.334,1.0,2024-08-02 15:35:00+00:00,0.010290772650392466,0.7598086124402008,0.2054321397721155,155.919,153.829,155.901,1.8147499999999965,5,0.0027969317792253534,52502101.0902,0.010027542743506115,0.75,SESSION_BREADTH_TSMOM,2,2024-08-02 15:35:00+00:00,153.647525,4.1481584897506725,2024-08-02 16:00:00+00:00,156.639,SESSION_END,0.004733773356168314,0.0027337733561683137,25.0
XRPUSDT,AMERICA,2024-08-02 16:00:00+00:00,2024-08-03 00:00:00+00:00,2024-08-02 16:30:00+00:00,-0.010156806842480437,0.010156806842480437,0.01158232359230212,21985324.81784,-1.0,2024-08-02 23:35:00+00:00,-0.0031914893617019935,0.7499999999999422,-0.20572246377805192,0.5642,0.5618,0.5622,0.002516666666666658,5,0.0025456199770836907,17185265.994214,0.00963120411758015,1.0,SESSION_BREADTH_TSMOM,2,2024-08-02 23:35:00+00:00,0.5644516666666667,10.208695411773093,2024-08-03 00:00:00+00:00,0.5605,SESSION_END,0.0030238349341872306,0.0010238349341872306,25.0
BTCUSDT,ASIA,2024-08-05 00:00:00+00:00,2024-08-05 08:00:00+00:00,2024-08-05 00:30:00+00:00,-0.012941894762187323,0.012941894762187323,0.017317201111025145,1455240402.7821002,-1.0,2024-08-05 07:35:00+00:00,-0.007269920207267577,0.6906306306306228,-0.18457659175982477,52835.0,52280.0,52340.8,651.2749999999996,5,0.0014785976674195345,289106101.6019899,0.005370230209467289,1.0,SESSION_BREADTH_TSMOM,2,2024-08-05 07:35:00+00:00,52900.1275,88.11611259122476,2024-08-05 07:45:00+00:00,52900.1275,CONFIRMATION_LEG_INVALIDATED,-0.010686261960076937,-0.012686261960076937,10.0
XRPUSDT,ASIA,2024-08-06 00:00:00+00:00,2024-08-06 08:00:00+00:00,2024-08-06 00:30:00+00:00,0.043380396971557156,0.043380396971557156,0.04870063433599343,28942589.98805,1.0,2024-08-06 07:35:00+00:00,0.008807985907222537,0.7894736842105273,0.3026185578813094,0.5165,0.5108,0.5154,0.0021083333333333323,5,0.0017808780964294613,11796059.376567997,0.007902967980649002,1.0,SESSION_BREADTH_TSMOM,2,2024-08-06 07:35:00+00:00,0.5105891666666666,300.21592158656404,2024-08-06 08:00:00+00:00,0.5162,SESSION_END,0.0015521924718666646,-0.0004478075281333354,25.0
XRPUSDT,ASIA,2024-08-08 00:00:00+00:00,2024-08-08 08:00:00+00:00,2024-08-08 00:30:00+00:00,-0.02466255624062641,0.02466255624062641,0.034660889851691454,114913496.15012999,-1.0,2024-08-08 07:35:00+00:00,-0.00828912466843501,0.9433962264151002,-0.27705991931806984,0.6033,0.598,0.5982,0.0034833333333333383,5,0.0018459766505693476,12013404.931233,0.008130265900597398,1.0,SESSION_BREADTH_TSMOM,2,2024-08-08 07:35:00+00:00,0.6036483333333332,255.5917331285156,2024-08-08 07:45:00+00:00,0.6036483333333332,CONFIRMATION_LEG_INVALIDATED,-0.009107879193134938,-0.011107879193134938,10.0
BTCUSDT,ASIA,2024-08-09 00:00:00+00:00,2024-08-09 08:00:00+00:00,2024-08-09 00:30:00+00:00,-0.0022802539093543794,0.0022802539093543794,0.006771024232968644,577661487.6864,-1.0,2024-08-09 07:35:00+00:00,-0.0018108704621813132,0.9357021996616013,-0.34548271238656614,61082.1,60963.9,60965.0,143.41666666666666,5,0.0014785976674195345,291156525.319148,0.005481176558816702,1.0,SESSION_BREADTH_TSMOM,2,2024-08-09 07:35:00+00:00,61096.441666666666,6.119417363228412,2024-08-09 08:00:00+00:00,60844.0,SESSION_END,0.001984745345690153,-1.525465430984689e-05,25.0
ETHUSDT,AMERICA,2024-08-09 16:00:00+00:00,2024-08-10 00:00:00+00:00,2024-08-09 16:30:00+00:00,0.0089898448772745,0.0089898448772745,0.013510184450188353,249430224.27811003,1.0,2024-08-09 23:35:00+00:00,0.003495150140502723,0.6846095526914688,0.10797290319141983,2593.45,2580.26,2592.61,7.880833333333309,5,0.002525980242752912,301657445.199408,0.009027783528753124,1.0,SESSION_BREADTH_TSMOM,2,2024-08-09 23:35:00+00:00,2579.471916666667,10.652030117584925,2024-08-10 00:00:00+00:00,2597.9,SESSION_END,0.0020404148715000847,4.041487150008467e-05,25.0
BTCUSDT,ASIA,2024-08-10 00:00:00+00:00,2024-08-10 08:00:00+00:00,2024-08-10 00:30:00+00:00,0.002132921988008407,0.002132921988008407,0.012782731389967914,657411640.8614,1.0,2024-08-10 07:35:00+00:00,0.0007624190136081843,0.5065789473684851,0.078188005107797,60664.0,60572.8,60642.8,74.79166666666788,5,0.0014785976674195345,294826237.05096,0.005621582667386083,1.0,SESSION_BREADTH_TSMOM,2,2024-08-10 07:35:00+00:00,60565.32083333334,6.56024428736109,2024-08-10 08:00:00+00:00,60809.5,SESSION_END,0.002748883626745524,0.0007488836267455241,25.0
ETHUSDT,ASIA,2024-08-11 00:00:00+00:00,2024-08-11 08:00:00+00:00,2024-08-11 00:30:00+00:00,0.0034844006945802253,0.0034844006945802253,0.008586421953641022,111850484.61308,1.0,2024-08-11 07:35:00+00:00,0.0020066965040639317,0.8668831168830872,0.41096009264457667,2666.96,2660.8,2666.43,5.108333333333424,5,0.0021420874956433744,133825036.298944,0.0065250499156982176,1.0,SESSION_BREADTH_TSMOM,2,2024-08-11 07:35:00+00:00,2660.289166666667,4.281039842374942,2024-08-11 08:00:00+00:00,2676.16,SESSION_END,0.003649073855304774,0.001649073855304774,25.0
SOLUSDT,ASIA,2024-08-12 00:00:00+00:00,2024-08-12 08:00:00+00:00,2024-08-12 00:30:00+00:00,0.005562112613344938,0.005562112613344938,0.015124423116338015,97564907.895,1.0,2024-08-12 07:35:00+00:00,0.007164704984775838,0.6914323962516647,0.12127874701775054,145.4,143.906,145.212,0.7172499999999976,5,0.004292959803910645,53442273.0747,0.011409064830042628,0.5,HIGH_ACTIVITY_SESSION_TSMOM,1,2024-08-12 07:35:00+00:00,143.83427500000002,3.5479944483060706,2024-08-12 08:00:00+00:00,145.823,SESSION_END,0.004207641241770865,0.0022076412417708653,25.0
XRPUSDT,AMERICA,2024-08-12 16:00:00+00:00,2024-08-13 00:00:00+00:00,2024-08-12 16:30:00+00:00,0.009453781512605008,0.009453781512605008,0.01523109243697486,23755926.224069998,1.0,2024-08-12 23:35:00+00:00,0.003874603733708959,0.8799999999999716,0.33474739206380355,0.5702,0.5677,0.57,0.0018166666666666793,5,0.0025456199770836907,18876749.468548,0.01050680955528243,0.25,HIGH_ACTIVITY_SESSION_TSMOM,1,2024-08-12 23:35:00+00:00,0.5675183333333333,6.7294906962762,2024-08-12 23:55:00+00:00,0.5675183333333333,CONFIRMATION_LEG_INVALIDATED,-0.004353801169590499,-0.006353801169590499,20.0
BTCUSDT,ASIA,2024-08-13 00:00:00+00:00,2024-08-13 08:00:00+00:00,2024-08-13 00:30:00+00:00,0.00499463115078802,0.00499463115078802,0.006811780114861321,281430837.89549994,1.0,2024-08-13 07:35:00+00:00,0.0012051761639173542,0.5133381398701864,0.059822169074875475,59167.4,59028.7,59149.7,129.72500000000036,5,0.0014785976674195345,296056776.86715996,0.005775721721175025,0.75,SESSION_BREADTH_TSMOM,2,2024-08-13 07:35:00+00:00,59015.72749999999,6.971814342405524,2024-08-13 08:00:00+00:00,59209.0,SESSION_END,0.0010025410103517984,-0.0009974589896482016,25.0
ETHUSDT,EUROPE,2024-08-13 08:00:00+00:00,2024-08-13 16:00:00+00:00,2024-08-13 08:30:00+00:00,-0.004230981361015962,0.004230981361015962,0.009191051474421424,142662615.10736,-1.0,2024-08-13 15:35:00+00:00,-0.0019891596461032446,0.5269999999999981,-0.22655518059850677,2652.0,2642.0,2644.09,11.52499999999994,5,0.001845094980086004,172993310.18644097,0.006756062108209629,1.0,SESSION_BREADTH_TSMOM,2,2024-08-13 15:35:00+00:00,2653.1525,6.239128717324633,2024-08-13 15:50:00+00:00,2653.1525,CONFIRMATION_LEG_INVALIDATED,-0.003427455192523743,-0.005427455192523743,15.0
ETHUSDT,AMERICA,2024-08-14 16:00:00+00:00,2024-08-15 00:00:00+00:00,2024-08-14 16:30:00+00:00,-0.00887111257445583,0.00887111257445583,0.012249693196444162,292564370.80969,-1.0,2024-08-14 23:35:00+00:00,-0.0011796029793401663,0.7894736842105023,-0.4294312805970718,2670.92,2666.93,2667.24,4.314999999999941,5,0.0024592396772145086,276953074.01084,0.00887496887689507,1.0,SESSION_BREADTH_TSMOM,2,2024-08-14 23:35:00+00:00,2671.3515,9.957850502240447,2024-08-15 00:00:00+00:00,2659.82,SESSION_END,0.002781901891093286,0.0007819018910932857,25.0
ETHUSDT,AMERICA,2024-08-24 16:00:00+00:00,2024-08-25 00:00:00+00:00,2024-08-24 16:30:00+00:00,0.018189789802847356,0.018189789802847356,0.019878324075382595,497837623.54061997,1.0,2024-08-24 23:35:00+00:00,0.0011463230599570995,0.7452830188680358,0.12094723820431108,2759.99,2755.75,2759.8,3.755833333333309,5,0.0022236429633613053,257675171.182419,0.008546046625155975,1.0,SESSION_BREADTH_TSMOM,2,2024-08-24 23:35:00+00:00,2755.3744166666665,38.05459710830854,2024-08-24 23:45:00+00:00,2755.3744166666665,CONFIRMATION_LEG_INVALIDATED,-0.0016035884242820986,-0.0036035884242820986,10.0
ETHUSDT,ASIA,2024-08-28 00:00:00+00:00,2024-08-28 08:00:00+00:00,2024-08-28 00:30:00+00:00,-0.008220750983314207,0.008220750983314207,0.012308732155799322,246767647.78185,-1.0,2024-08-28 07:35:00+00:00,-0.0008994672386355429,0.5068807339449477,-0.15146063098156837,2457.9,2453.54,2454.8,4.979166666666704,5,0.0020996696728051156,132985906.691301,0.0062487881322463995,1.0,SESSION_BREADTH_TSMOM,2,2024-08-28 07:35:00+00:00,2458.397916666667,15.424391314157514,2024-08-28 08:00:00+00:00,2435.92,SESSION_END,0.007691054261039665,0.005691054261039665,25.0
XRPUSDT,AMERICA,2024-08-28 16:00:00+00:00,2024-08-29 00:00:00+00:00,2024-08-28 16:30:00+00:00,-0.008091468777484678,0.008091468777484678,0.024098504837291198,46527540.70877001,-1.0,2024-08-28 23:35:00+00:00,-0.0008768853034024637,0.5000000000000555,-0.02186109126858904,0.5703,0.5693,0.5697,0.0011166666666666825,5,0.0025456199770836907,16646957.276601996,0.01006929453415079,1.0,SESSION_BREADTH_TSMOM,2,2024-08-28 23:35:00+00:00,0.5704116666666667,17.76801943805195,2024-08-28 23:40:00+00:00,0.5704116666666667,CONFIRMATION_LEG_INVALIDATED,-0.0012491954830027296,-0.0032491954830027297,5.0
BTCUSDT,EUROPE,2024-09-02 08:00:00+00:00,2024-09-02 16:00:00+00:00,2024-09-02 08:30:00+00:00,0.010564414767581187,0.010564414767581187,0.011513595360488757,493919660.7425,1.0,2024-09-02 15:35:00+00:00,0.0016489525306722097,0.7434514637904719,0.2957917695702883,58638.6,58508.8,58618.5,160.47500000000036,5,0.0016277333836415275,308871932.02834,0.005029547036742648,1.0,SESSION_BREADTH_TSMOM,2,2024-09-02 15:35:00+00:00,58492.7525,29.714898895335,2024-09-02 16:00:00+00:00,58508.0,SESSION_END,-0.0018850704129242946,-0.0038850704129242946,25.0
BTCUSDT,ASIA,2024-09-04 00:00:00+00:00,2024-09-04 08:00:00+00:00,2024-09-04 00:30:00+00:00,0.005615122188957766,0.005615122188957766,0.008485344287405138,416145086.50850004,1.0,2024-09-04 07:35:00+00:00,0.001727754715478147,0.7922077922077991,0.22908280260987124,56589.2,56466.0,56587.1,122.40833333333346,5,0.001468790160077671,288589672.49683994,0.00558791726872368,1.0,SESSION_BREADTH_TSMOM,2,2024-09-04 07:35:00+00:00,56453.75916666666,11.610447343709772,2024-09-04 08:00:00+00:00,56717.0,SESSION_END,0.0022955762002294655,0.00029557620022946547,25.0
ETHUSDT,AMERICA,2024-09-06 16:00:00+00:00,2024-09-07 00:00:00+00:00,2024-09-06 16:30:00+00:00,-0.004495353927209567,0.004495353927209567,0.01542137936156371,479851506.29648006,-1.0,2024-09-06 23:35:00+00:00,-0.0012345901521160219,0.6241457858770005,-0.07481185476171448,2220.8,2216.41,2216.62,4.8491666666666715,5,0.0021981059734337838,274068932.35211104,0.008826037754278678,0.75,SESSION_BREADTH_TSMOM,2,2024-09-06 23:35:00+00:00,2221.284916666667,6.266143939799804,2024-09-06 23:45:00+00:00,2221.284916666667,CONFIRMATION_LEG_INVALIDATED,-0.0021045179898526722,-0.004104517989852672,10.0
BTCUSDT,ASIA,2024-09-09 00:00:00+00:00,2024-09-09 08:00:00+00:00,2024-09-09 00:30:00+00:00,0.0025656642280396103,0.0025656642280396103,0.00818022013289664,361827989.18555003,1.0,2024-09-09 07:35:00+00:00,0.0015610137277921599,0.5662251655629139,0.0724655315825109,54912.0,54761.0,54857.6,85.75,5,0.001420627890110937,288589672.49683994,0.00579535290625211,0.75,SESSION_BREADTH_TSMOM,2,2024-09-09 07:35:00+00:00,54752.425,4.461106945702833,2024-09-09 08:00:00+00:00,54939.1,SESSION_END,0.0014856647027940983,-0.0005143352972059017,25.0
ETHUSDT,AMERICA,2024-09-09 16:00:00+00:00,2024-09-10 00:00:00+00:00,2024-09-09 16:30:00+00:00,0.013139233988331167,0.013139233988331167,0.025126439490140085,580964476.1231501,1.0,2024-09-09 23:35:00+00:00,0.0015419024704328432,1.0,0.17775050053132158,2364.36,2360.72,2364.36,4.011666666666618,5,0.0022341167352418756,274068932.35211104,0.008826037754278678,1.0,SESSION_BREADTH_TSMOM,2,2024-09-09 23:35:00+00:00,2360.3188333333333,33.485697654176555,2024-09-09 23:55:00+00:00,2360.3188333333333,CONFIRMATION_LEG_INVALIDATED,-0.001709201080489775,-0.003709201080489775,20.0
BTCUSDT,AMERICA,2024-09-11 16:00:00+00:00,2024-09-12 00:00:00+00:00,2024-09-11 16:30:00+00:00,0.0030030347942691105,0.0030030347942691105,0.00848507304679232,695067548.29383,1.0,2024-09-11 23:35:00+00:00,0.00065908658968028,0.7575150300601565,0.11801994671501759,57390.0,57340.1,57389.9,66.71666666666594,5,0.002078493027898254,562334962.90422,0.007737186649892901,1.0,SESSION_BREADTH_TSMOM,2,2024-09-11 23:35:00+00:00,57333.42833333333,3.5716896372373053,2024-09-11 23:50:00+00:00,57333.42833333333,CONFIRMATION_LEG_INVALIDATED,-0.0009840000882850308,-0.002984000088285031,15.0
SOLUSDT,AMERICA,2024-09-13 16:00:00+00:00,2024-09-14 00:00:00+00:00,2024-09-13 16:30:00+00:00,0.004503877728873729,0.004503877728873729,0.007323378420933144,102442373.23,1.0,2024-09-13 23:35:00+00:00,0.0007151370679379099,0.9166666666665351,0.09717574995114187,138.543,138.435,138.534,0.24849999999999758,5,0.0036832345507422093,90658287.0482,0.013252625999652339,0.5,HIGH_ACTIVITY_SESSION_TSMOM,1,2024-09-13 23:35:00+00:00,138.41015000000002,2.072624354102839,2024-09-13 23:45:00+00:00,138.41015000000002,CONFIRMATION_LEG_INVALIDATED,-0.0008940043599403591,-0.002894004359940359,10.0
XRPUSDT,ASIA,2024-09-15 00:00:00+00:00,2024-09-15 08:00:00+00:00,2024-09-15 00:30:00+00:00,-0.0053754409541408865,0.0053754409541408865,0.007391231311943676,14732227.602340002,-1.0,2024-09-15 07:35:00+00:00,-0.00084961767204772,0.8333333333333641,-0.03158015845407103,0.5885,0.5879,0.588,0.0008499999999999804,5,0.0016343289885890622,10133297.522832995,0.007101179954952351,0.25,HIGH_ACTIVITY_SESSION_TSMOM,1,2024-09-15 07:35:00+00:00,0.588585,5.977261419975215,2024-09-15 07:45:00+00:00,0.588585,CONFIRMATION_LEG_INVALIDATED,-0.000994897959183838,-0.002994897959183838,10.0
ETHUSDT,EUROPE,2024-09-16 08:00:00+00:00,2024-09-16 16:00:00+00:00,2024-09-16 08:30:00+00:00,0.009059257591242265,0.009059257591242265,0.01233739238883799,266689350.87291998,1.0,2024-09-16 15:35:00+00:00,0.0011298153471674954,0.6540404040404347,0.1917933820328459,2296.0,2292.04,2295.0,6.624999999999962,5,0.0017005864241949054,157659745.99316198,0.006294626953044201,1.0,SESSION_BREADTH_TSMOM,2,2024-09-16 15:35:00+00:00,2291.3775,20.882249340167288,2024-09-16 15:40:00+00:00,2291.3775,CONFIRMATION_LEG_INVALIDATED,-0.001578431372548983,-0.003578431372548983,5.0
BTCUSDT,EUROPE,2024-09-18 08:00:00+00:00,2024-09-18 16:00:00+00:00,2024-09-18 08:30:00+00:00,-0.004352389592673256,0.004352389592673256,0.005027846022422456,277878774.2204,-1.0,2024-09-18 15:35:00+00:00,-0.002512550162887872,0.8969442780108032,-0.2538344762028901,59580.9,59414.0,59431.2,163.008333333332,5,0.0016596660520982187,281215869.12191993,0.004929055182874698,1.0,SESSION_BREADTH_TSMOM,2,2024-09-18 15:35:00+00:00,59597.200833333336,5.350019152523012,2024-09-18 16:00:00+00:00,59400.1,SESSION_END,0.0005232941619889298,-0.0014767058380110703,25.0
SOLUSDT,AMERICA,2024-09-19 16:00:00+00:00,2024-09-20 00:00:00+00:00,2024-09-19 16:30:00+00:00,0.004436886341528279,0.004436886341528279,0.009608588244350602,125577674.44,1.0,2024-09-19 23:35:00+00:00,0.0015899257800133793,0.8370370370370019,0.1742795770021457,142.389,142.119,142.371,0.34849999999999665,5,0.003603475219369323,89854102.48079999,0.01286585688872083,1.0,SESSION_BREADTH_TSMOM,2,2024-09-19 23:35:00+00:00,142.08415,3.441607069235808,2024-09-20 00:00:00+00:00,142.82,SESSION_END,0.0031537321505079596,0.0011537321505079596,25.0
ETHUSDT,ASIA,2024-09-23 00:00:00+00:00,2024-09-23 08:00:00+00:00,2024-09-23 00:30:00+00:00,-0.005387701312040805,0.005387701312040805,0.01670575011143641,331927581.46731,-1.0,2024-09-23 07:35:00+00:00,-0.00174877453299771,0.8799999999999792,-0.2819192831179639,2642.25,2637.0,2637.23,5.544166666666645,5,0.0020996696728051156,132985906.691301,0.006897249688742771,1.0,SESSION_BREADTH_TSMOM,2,2024-09-23 07:35:00+00:00,2642.804416666667,12.809148308416722,2024-09-23 07:40:00+00:00,2642.804416666667,CONFIRMATION_LEG_INVALIDATED,-0.0021137392895829166,-0.004113739289582917,5.0
ETHUSDT,AMERICA,2024-09-23 16:00:00+00:00,2024-09-24 00:00:00+00:00,2024-09-23 16:30:00+00:00,0.003268426032227989,0.003268426032227989,0.011360959137195401,488957437.58445,1.0,2024-09-23 23:35:00+00:00,0.0019688989689783387,0.9285714285714112,0.26095520180707243,2646.27,2640.67,2646.27,4.293333333333332,5,0.0021981059734337838,257675171.182419,0.008826037754278678,0.25,HIGH_ACTIVITY_SESSION_TSMOM,1,2024-09-23 23:35:00+00:00,2640.2406666666666,3.526943729677417,2024-09-24 00:00:00+00:00,2645.84,SESSION_END,-0.00016249286731884194,-0.002162492867318842,25.0
XRPUSDT,EUROPE,2024-09-28 08:00:00+00:00,2024-09-28 16:00:00+00:00,2024-09-28 08:30:00+00:00,-0.00592495062541154,0.00592495062541154,0.017116524028966365,85562124.17947,-1.0,2024-09-28 15:35:00+00:00,-0.0019414334250120735,0.7058823529411957,-0.23519975540435134,0.6184,0.6167,0.6169,0.001991666666666688,5,0.002114363121453855,11218514.904597,0.007868521512584948,1.0,SESSION_BREADTH_TSMOM,2,2024-09-28 15:35:00+00:00,0.6185991666666666,42.744608588370234,2024-09-28 16:00:00+00:00,0.6176,SESSION_END,-0.0011347057869994792,-0.0031347057869994793,25.0
XRPUSDT,ASIA,2024-09-29 00:00:00+00:00,2024-09-29 08:00:00+00:00,2024-09-29 00:30:00+00:00,-0.001792406713377881,0.001792406713377881,0.007332572918364118,15269562.698779998,-1.0,2024-09-29 07:35:00+00:00,-0.003499840916322161,0.7096774193548699,-0.3687270420823262,0.6287,0.6256,0.6264,0.0034166666666666603,5,0.0017566437621366893,11637292.520053,0.00791613525742518,0.25,HIGH_ACTIVITY_SESSION_TSMOM,1,2024-09-29 07:35:00+00:00,0.6290416666666667,1.673545504555133,2024-09-29 08:00:00+00:00,0.6284,SESSION_END,-0.0031928480204341803,-0.00519284802043418,25.0
BTCUSDT,EUROPE,2024-09-30 08:00:00+00:00,2024-09-30 16:00:00+00:00,2024-09-30 08:30:00+00:00,-0.0043586048745719586,0.0043586048745719586,0.005466462139171709,372425872.7736,-1.0,2024-09-30 15:35:00+00:00,-0.001883147708027555,0.8585714285714597,-0.04286746593398738,63846.9,63706.9,63709.1,142.06666666666692,5,0.0014909605488164779,281449364.1333199,0.0047322933927041455,0.75,SESSION_BREADTH_TSMOM,2,2024-09-30 15:35:00+00:00,63861.10666666667,6.769537045862956,2024-09-30 16:00:00+00:00,63535.6,SESSION_END,0.002723315821444694,0.0007233158214446939,25.0
XRPUSDT,ASIA,2024-10-01 00:00:00+00:00,2024-10-01 08:00:00+00:00,2024-10-01 00:30:00+00:00,0.008342875838377228,0.008342875838377228,0.010796662849664733,20150976.08255,1.0,2024-10-01 07:35:00+00:00,0.010135135135135087,0.8749999999999981,0.2676055611227981,0.6285,0.6213,0.6279,0.0011833333333333325,5,0.0018168252879491864,12013404.931233,0.008130265900597398,1.0,SESSION_BREADTH_TSMOM,2,2024-10-01 07:35:00+00:00,0.6211816666666666,15.405031174255605,2024-10-01 08:00:00+00:00,0.6281,SESSION_END,0.00031852205765248165,-0.0016814779423475184,25.0
XRPUSDT,AMERICA,2024-10-01 16:00:00+00:00,2024-10-02 00:00:00+00:00,2024-10-01 16:30:00+00:00,0.0058881256133462845,0.0058881256133462845,0.01128557409224733,24847944.62543,1.0,2024-10-01 23:35:00+00:00,0.0013443118803562193,0.5000000000000347,0.01228797460568365,0.5962,0.5946,0.5959,0.0027083333333333313,5,0.0031289317867852495,14418042.31256,0.01006929453415079,0.25,HIGH_ACTIVITY_SESSION_TSMOM,1,2024-10-01 23:35:00+00:00,0.5943291666666667,4.053919858631069,2024-10-02 00:00:00+00:00,0.5966,SESSION_END,0.0011746937405605617,-0.0008253062594394383,25.0
XRPUSDT,ASIA,2024-10-02 00:00:00+00:00,2024-10-02 08:00:00+00:00,2024-10-02 00:30:00+00:00,0.005867560771165126,0.005867560771165126,0.013411567476948879,16970545.744450003,1.0,2024-10-02 07:35:00+00:00,0.0016658337497916786,0.666666666666642,0.4126299791729433,0.6014,0.5999,0.6013,0.0016916666666666469,5,0.0018459766505693476,12031548.070349999,0.00851646739302959,0.75,SESSION_BREADTH_TSMOM,2,2024-10-02 07:35:00+00:00,0.5997308333333333,8.759705240447785,2024-10-02 08:00:00+00:00,0.6001,SESSION_END,-0.0019956760352568548,-0.003995676035256855,25.0
BTCUSDT,ASIA,2024-10-08 00:00:00+00:00,2024-10-08 08:00:00+00:00,2024-10-08 00:30:00+00:00,0.0027222763568770514,0.0027222763568770514,0.005151903985489675,318297826.17910004,1.0,2024-10-08 07:35:00+00:00,0.0013531560232336037,0.643458301453714,0.36132048987113663,62235.1,62104.4,62235.1,129.35000000000036,5,0.001793165779960748,315277748.59591997,0.006203772106928126,1.0,SESSION_BREADTH_TSMOM,2,2024-10-08 07:35:00+00:00,62091.465000000004,3.065364451376601,2024-10-08 08:00:00+00:00,62291.4,SESSION_END,0.0009046342016001407,-0.0010953657983998593,25.0
SOLUSDT,AMERICA,2024-10-14 16:00:00+00:00,2024-10-15 00:00:00+00:00,2024-10-14 16:30:00+00:00,-0.01059619558279079,0.01059619558279079,0.014170815779394861,105161996.05199999,-1.0,2024-10-14 23:35:00+00:00,-0.0013334179947933622,0.6363636363636364,-0.2289869315043327,157.53,157.2,157.28,0.5025000000000025,5,0.003448763079679562,89261311.9744,0.012693360844523943,1.0,SESSION_BREADTH_TSMOM,2,2024-10-14 23:35:00+00:00,157.58025,7.2395597329399735,2024-10-14 23:50:00+00:00,157.58025,CONFIRMATION_LEG_INVALIDATED,-0.0019090157680570208,-0.003909015768057021,15.0
BTCUSDT,AMERICA,2024-10-15 16:00:00+00:00,2024-10-16 00:00:00+00:00,2024-10-15 16:30:00+00:00,0.008924959125505616,0.008924959125505616,0.011819130930211063,1083662288.9336,1.0,2024-10-15 23:35:00+00:00,0.0013135998777766833,0.7915162454873176,0.36582140666027496,66857.0,66746.2,66850.8,106.71666666666472,5,0.002054838228251754,562422304.074,0.007737186649892901,1.0,SESSION_BREADTH_TSMOM,2,2024-10-15 23:35:00+00:00,66735.52833333334,16.73747802463218,2024-10-16 00:00:00+00:00,67044.1,SESSION_END,0.002891513639328158,0.0008915136393281582,25.0
XRPUSDT,AMERICA,2024-10-21 16:00:00+00:00,2024-10-22 00:00:00+00:00,2024-10-21 16:30:00+00:00,-0.008597036766050725,0.008597036766050725,0.01024327784891154,10140214.9503,-1.0,2024-10-21 23:35:00+00:00,-0.0011005135730007831,0.6666666666667078,-0.3664292101763461,0.5452,0.5443,0.5446,0.0006500000000000117,5,0.0031728728842798093,14753571.12994,0.010174442503339825,1.0,SESSION_BREADTH_TSMOM,2,2024-10-21 23:35:00+00:00,0.545265,5.455749703675528,2024-10-21 23:55:00+00:00,0.545265,CONFIRMATION_LEG_INVALIDATED,-0.0012210796915168576,-0.0032210796915168576,20.0
SOLUSDT,EUROPE,2024-10-28 08:00:00+00:00,2024-10-28 16:00:00+00:00,2024-10-28 08:30:00+00:00,0.005239179954442008,0.005239179954442008,0.01076309794988619,75500191.152,1.0,2024-10-28 15:35:00+00:00,0.0016637025988182064,0.5370370370370019,0.24454754104522713,174.74,174.2,174.6,0.7385000000000019,5,0.002840065832491967,51242112.3574,0.008400970813572061,1.0,SESSION_BREADTH_TSMOM,2,2024-10-28 15:35:00+00:00,174.12615,5.436081148494389,2024-10-28 15:45:00+00:00,174.12615,CONFIRMATION_LEG_INVALIDATED,-0.002713917525773213,-0.004713917525773213,10.0
ETHUSDT,ASIA,2024-11-05 00:00:00+00:00,2024-11-05 08:00:00+00:00,2024-11-05 00:30:00+00:00,0.003303633997397082,0.003303633997397082,0.00604414856341967,146021049.69625,1.0,2024-11-05 07:35:00+00:00,0.001675892330109452,0.76603773584902,0.3168892188591321,2427.88,2422.58,2426.65,3.577500000000024,5,0.0022601377584570703,133601132.86837499,0.007443137587094512,0.75,SESSION_BREADTH_TSMOM,2,2024-11-05 07:35:00+00:00,2422.22225,2.7957632382629094,2024-11-05 08:00:00+00:00,2442.32,SESSION_END,0.006457461933117692,0.004457461933117692,25.0
SOLUSDT,EUROPE,2024-11-06 08:00:00+00:00,2024-11-06 16:00:00+00:00,2024-11-06 08:30:00+00:00,-0.015048622806540846,0.015048622806540846,0.02314336937034819,268374459.63899997,-1.0,2024-11-06 15:35:00+00:00,-0.0048187610429940575,0.7200000000000045,-0.06188816941633035,186.8,185.55,185.87,1.1841666666666626,5,0.00286459695854846,51228666.9088,0.0079902740790428,1.0,SESSION_BREADTH_TSMOM,2,2024-11-06 15:35:00+00:00,186.91841666666667,55.041638579785975,2024-11-06 16:00:00+00:00,185.57,SESSION_END,0.0016140313122074978,-0.0003859686877925022,25.0
ETHUSDT,EUROPE,2024-11-07 08:00:00+00:00,2024-11-07 16:00:00+00:00,2024-11-07 08:30:00+00:00,-0.005450750098347501,0.005450750098347501,0.009558304951393433,271874281.85921,-1.0,2024-11-07 15:35:00+00:00,-0.0031258287512597738,0.6557863501483778,-0.23207689431198164,2829.5,2816.02,2819.21,14.424999999999955,5,0.0018755353344110937,141452294.192445,0.006173864183530025,0.5,HIGH_ACTIVITY_SESSION_TSMOM,1,2024-11-07 15:35:00+00:00,2830.9425,8.378772745573979,2024-11-07 15:45:00+00:00,2830.9425,CONFIRMATION_LEG_INVALIDATED,-0.004161626838724342,-0.006161626838724342,10.0
SOLUSDT,EUROPE,2024-11-09 08:00:00+00:00,2024-11-09 16:00:00+00:00,2024-11-09 08:30:00+00:00,0.007937696570315955,0.007937696570315955,0.009934601367879832,57166671.15100001,1.0,2024-11-09 15:35:00+00:00,0.0029309212188590728,0.8285714285714599,0.3383162690991466,198.5,197.8,198.47,0.6058333333333318,5,0.00286459695854846,51449193.074599996,0.0082604338650866,0.75,SESSION_BREADTH_TSMOM,2,2024-11-09 15:35:00+00:00,197.73941666666667,5.831987742705812,2024-11-09 16:00:00+00:00,198.4,SESSION_END,-0.0003526981407768748,-0.002352698140776875,25.0
BTCUSDT,ASIA,2024-11-11 00:00:00+00:00,2024-11-11 08:00:00+00:00,2024-11-11 00:30:00+00:00,0.004520587639084139,0.004520587639084139,0.007599810471098781,430760847.3306,1.0,2024-11-11 07:35:00+00:00,0.0014046090979067394,0.6660798122065955,0.0791734844363714,80970.4,80800.0,80918.9,166.0500000000005,5,0.0019976386294736637,341376537.54584,0.006205991975332116,1.0,SESSION_BREADTH_TSMOM,2,2024-11-11 07:35:00+00:00,80783.395,5.710978360689047,2024-11-11 08:00:00+00:00,81147.9,SESSION_END,0.0028299939816285313,0.0008299939816285313,25.0
SOLUSDT,EUROPE,2024-11-11 08:00:00+00:00,2024-11-11 16:00:00+00:00,2024-11-11 08:30:00+00:00,-0.004181084198385254,0.004181084198385254,0.008650519031141923,50498547.946,-1.0,2024-11-11 15:35:00+00:00,-0.0037663928846939365,0.6287878787878916,-0.012036612234844424,220.75,219.43,219.54,1.7233333333333292,5,0.002942612465738903,52521906.4263,0.00828740449733891,0.75,SESSION_BREADTH_TSMOM,2,2024-11-11 15:35:00+00:00,220.92233333333334,2.595479009193752,2024-11-11 16:00:00+00:00,219.18,SESSION_END,0.0016397922929761721,-0.0003602077070238279,25.0
ETHUSDT,ASIA,2024-11-12 00:00:00+00:00,2024-11-12 08:00:00+00:00,2024-11-12 00:30:00+00:00,-0.018482853434942603,0.018482853434942603,0.037976071252910984,1057640899.75007,-1.0,2024-11-12 07:35:00+00:00,-0.0012413285184833533,0.5324840764331643,-0.09857345263039685,3370.0,3362.15,3363.18,17.047499999999975,5,0.002382064614490531,159917133.25868297,0.007443137587094512,1.0,SESSION_BREADTH_TSMOM,2,2024-11-12 07:35:00+00:00,3371.70475,102.63340057592384,2024-11-12 07:50:00+00:00,3371.70475,CONFIRMATION_LEG_INVALIDATED,-0.0025347290362098818,-0.004534729036209882,15.0
XRPUSDT,EUROPE,2024-11-12 08:00:00+00:00,2024-11-12 16:00:00+00:00,2024-11-12 08:30:00+00:00,0.04186272919032952,0.04186272919032952,0.05743955865649844,118627250.04485,1.0,2024-11-12 15:35:00+00:00,0.014394829612220938,0.6012269938650333,0.05447232859077711,0.6949,0.6786,0.6906,0.010608333333333312,5,0.0022033905584261104,11555294.373033,0.007819925587793866,0.5,HIGH_ACTIVITY_SESSION_TSMOM,1,2024-11-12 15:35:00+00:00,0.6775391666666667,292.57065392507246,2024-11-12 16:00:00+00:00,0.6775391666666667,CONFIRMATION_LEG_INVALIDATED,-0.018912298484409673,-0.020912298484409675,25.0
XRPUSDT,ASIA,2024-11-15 00:00:00+00:00,2024-11-15 08:00:00+00:00,2024-11-15 00:30:00+00:00,0.0031003746286009104,0.0031003746286009104,0.01873143004779753,101725373.05276999,1.0,2024-11-15 07:35:00+00:00,0.006141890198044564,0.5697674418604708,0.014408858517265477,0.8037,0.7951,0.8027,0.006649999999999989,5,0.002256955870912014,12068832.599484999,0.008273126787129036,1.0,SESSION_BREADTH_TSMOM,2,2024-11-15 07:35:00+00:00,0.794435,23.15715113238467,2024-11-15 07:40:00+00:00,0.794435,CONFIRMATION_LEG_INVALIDATED,-0.010296499314812468,-0.012296499314812468,5.0
XRPUSDT,ASIA,2024-11-16 00:00:00+00:00,2024-11-16 08:00:00+00:00,2024-11-16 00:30:00+00:00,-0.0131092436974789,0.0131092436974789,0.02509803921568625,68313285.94027,-1.0,2024-11-16 07:35:00+00:00,-0.004525817732976667,0.5945945945945922,-0.24675200091096283,0.9722,0.9648,0.9678,0.007733333333333305,5,0.002256955870912014,12068832.599484999,0.008273126787129036,1.0,SESSION_BREADTH_TSMOM,2,2024-11-16 07:35:00+00:00,0.9729733333333332,65.75434824265436,2024-11-16 07:40:00+00:00,0.9729733333333332,CONFIRMATION_LEG_INVALIDATED,-0.005345457050354607,-0.007345457050354607,5.0
SOLUSDT,ASIA,2024-11-17 00:00:00+00:00,2024-11-17 08:00:00+00:00,2024-11-17 00:30:00+00:00,0.010840359492263474,0.010840359492263474,0.012600759751690905,60077322.532,1.0,2024-11-17 07:35:00+00:00,0.004039553965916376,0.6193548387096893,0.25086741648570166,238.88,237.33,238.61,1.4508333333333308,5,0.0029950516062223764,66251695.82649999,0.009894574142616677,1.0,SESSION_BREADTH_TSMOM,2,2024-11-17 07:35:00+00:00,237.18491666666668,9.218685405931685,2024-11-17 07:50:00+00:00,237.18491666666668,CONFIRMATION_LEG_INVALIDATED,-0.0059724375899306015,-0.007972437589930602,15.0
BTCUSDT,EUROPE,2024-11-18 08:00:00+00:00,2024-11-18 16:00:00+00:00,2024-11-18 08:30:00+00:00,0.0019750337433370735,0.0019750337433370735,0.006663696308876509,380883546.20390004,1.0,2024-11-18 15:35:00+00:00,0.004045315471760569,0.971920529801309,0.33958783656291613,91075.0,90697.5,91064.4,401.44166666666814,5,0.0013801756175807478,276376591.11635,0.004580587131849286,0.25,HIGH_ACTIVITY_SESSION_TSMOM,1,2024-11-18 15:35:00+00:00,90657.35583333333,2.6022213141123203,2024-11-18 16:00:00+00:00,92407.8,SESSION_END,0.014752197346054041,0.012752197346054041,25.0
ETHUSDT,AMERICA,2024-11-18 16:00:00+00:00,2024-11-19 00:00:00+00:00,2024-11-18 16:30:00+00:00,0.01051132661396692,0.01051132661396692,0.014783241633371717,618959149.1888,1.0,2024-11-18 23:35:00+00:00,0.008875064208663908,0.9565960355434042,0.42551753886596977,3183.04,3153.78,3181.77,7.072499999999915,5,0.0027260018876341108,283656181.213507,0.009165557119322989,0.25,HIGH_ACTIVITY_SESSION_TSMOM,1,2024-11-18 23:35:00+00:00,3153.0727500000003,10.517466243403813,2024-11-19 00:00:00+00:00,3210.48,SESSION_END,0.009023279495375292,0.0070232794953752915,25.0
SOLUSDT,EUROPE,2024-11-19 08:00:00+00:00,2024-11-19 16:00:00+00:00,2024-11-19 08:30:00+00:00,0.005626514435911112,0.005626514435911112,0.008706723068709088,112006159.245,1.0,2024-11-19 15:35:00+00:00,0.0028034645801078284,0.5234374999999898,0.12350347970178133,239.8,238.52,239.66,1.1358333333333306,5,0.003032856303056719,57329679.465100005,0.008501009291813778,0.5,HIGH_ACTIVITY_SESSION_TSMOM,1,2024-11-19 15:35:00+00:00,238.40641666666667,5.4367736747824305,2024-11-19 16:00:00+00:00,240.68,SESSION_END,0.004256029374947845,0.002256029374947845,25.0
SOLUSDT,EUROPE,2024-11-20 08:00:00+00:00,2024-11-20 16:00:00+00:00,2024-11-20 08:30:00+00:00,0.007672092234655814,0.007672092234655814,0.01110545947778898,101731942.194,1.0,2024-11-20 15:35:00+00:00,0.004433372741091013,0.8015267175572375,0.2161476145303276,237.98,236.67,237.89,1.624166666666665,5,0.0030674433595285766,57988320.1483,0.008624045537110735,1.0,SESSION_BREADTH_TSMOM,2,2024-11-20 15:35:00+00:00,236.50758333333332,8.775746441965067,2024-11-20 16:00:00+00:00,238.35,SESSION_END,0.001933666820799651,-6.633317920034902e-05,25.0
XRPUSDT,AMERICA,2024-11-21 16:00:00+00:00,2024-11-22 00:00:00+00:00,2024-11-21 16:30:00+00:00,0.007338950801848432,0.007338950801848432,0.012865814985956322,45270339.39717001,1.0,2024-11-21 23:35:00+00:00,0.005197590957841669,0.5384615384615341,0.07807988805084554,1.2214,1.2097,1.2184,0.0065500000000000185,5,0.0033763871175370164,16503003.074011995,0.01032473883732435,1.0,SESSION_BREADTH_TSMOM,2,2024-11-21 23:35:00+00:00,1.209045,11.925113118167264,2024-11-22 00:00:00+00:00,1.2477,SESSION_END,0.024047931713722992,0.02204793171372299,25.0
XRPUSDT,EUROPE,2024-11-22 08:00:00+00:00,2024-11-22 16:00:00+00:00,2024-11-22 08:30:00+00:00,0.014947245017584931,0.014947245017584931,0.01663247362250875,85696618.44918999,1.0,2024-11-22 15:35:00+00:00,0.006586245146977365,0.5053191489361756,0.07461674840270938,1.454,1.4352,1.4519,0.015616666666666704,5,0.0022355635148179065,11757417.459962001,0.008329655649991137,0.75,SESSION_BREADTH_TSMOM,2,2024-11-22 15:35:00+00:00,1.4336383333333333,85.28328800231952,2024-11-22 15:45:00+00:00,1.4336383333333333,CONFIRMATION_LEG_INVALIDATED,-0.012577771655531755,-0.014577771655531755,10.0
XRPUSDT,AMERICA,2024-11-22 16:00:00+00:00,2024-11-23 00:00:00+00:00,2024-11-22 16:30:00+00:00,0.013937040632367115,0.013937040632367115,0.03161836083760927,182997848.99295,1.0,2024-11-22 23:35:00+00:00,0.0020627062706271015,0.517241379310362,0.19383899467998833,1.4578,1.452,1.4574,0.01166666666666664,5,0.0033763871175370164,16503003.074011995,0.010498799853234842,0.25,HIGH_ACTIVITY_SESSION_TSMOM,1,2024-11-22 23:35:00+00:00,1.4508333333333332,57.2151905970082,2024-11-23 00:00:00+00:00,1.4739,SESSION_END,0.01132153149444215,0.00932153149444215,25.0
XRPUSDT,ASIA,2024-11-24 00:00:00+00:00,2024-11-24 08:00:00+00:00,2024-11-24 00:30:00+00:00,-0.006599537352020679,0.006599537352020679,0.017621445094570563,90767396.37303999,-1.0,2024-11-24 07:35:00+00:00,-0.004357001838110275,0.7804878048780726,-0.2130732984471012,1.4693,1.4611,1.4625,0.007325000000000026,5,0.002315253580134624,12927558.363988997,0.008538498012182202,0.25,HIGH_ACTIVITY_SESSION_TSMOM,1,2024-11-24 07:35:00+00:00,1.4700325,25.017177543626573,2024-11-24 07:45:00+00:00,1.4700325,CONFIRMATION_LEG_INVALIDATED,-0.005150427350427478,-0.007150427350427478,10.0
XRPUSDT,EUROPE,2024-11-24 08:00:00+00:00,2024-11-24 16:00:00+00:00,2024-11-24 08:30:00+00:00,-0.004706042831810087,0.004706042831810087,0.00968489974082662,31377797.185389996,-1.0,2024-11-24 15:35:00+00:00,-0.013301449708563728,0.7148594377510078,-0.17701020502633025,1.3432,1.3183,1.3204,0.01570000000000001,5,0.0022972802932178515,11757417.459962001,0.008329655649991137,1.0,SESSION_BREADTH_TSMOM,2,2024-11-24 15:35:00+00:00,1.34477,10.93408377693472,2024-11-24 16:00:00+00:00,1.3099,SESSION_END,0.007952135716449482,0.005952135716449482,25.0
ETHUSDT,AMERICA,2024-11-25 16:00:00+00:00,2024-11-26 00:00:00+00:00,2024-11-25 16:30:00+00:00,-0.004200296491516986,0.004200296491516986,0.013626113973156731,1185621497.8748899,-1.0,2024-11-25 23:35:00+00:00,-0.0029640715089502834,0.6351771286513642,-0.2783644000807094,3450.1,3434.01,3437.74,19.449166666666656,5,0.0032745656919392907,309127886.333212,0.009839959740254834,0.5,HIGH_ACTIVITY_SESSION_TSMOM,1,2024-11-25 23:35:00+00:00,3452.0449166666667,7.379473546735378,2024-11-26 00:00:00+00:00,3416.92,SESSION_END,0.00605630443256322,0.00405630443256322,25.0
BTCUSDT,ASIA,2024-11-26 00:00:00+00:00,2024-11-26 08:00:00+00:00,2024-11-26 00:30:00+00:00,0.013335983839078525,0.013335983839078525,0.01695499871056471,1077238971.9064002,1.0,2024-11-26 07:35:00+00:00,0.0013400933598373133,0.7090602138435101,0.14596025016373404,94166.6,93988.9,94149.3,225.10000000000218,5,0.0020397154116683636,349626223.947405,0.006149913772078154,1.0,SESSION_BREADTH_TSMOM,2,2024-11-26 07:35:00+00:00,93966.39,40.28965382402936,2024-11-26 07:40:00+00:00,93966.39,CONFIRMATION_LEG_INVALIDATED,-0.00194276537372029,-0.00394276537372029,5.0
XRPUSDT,EUROPE,2024-11-26 08:00:00+00:00,2024-11-26 16:00:00+00:00,2024-11-26 08:30:00+00:00,-0.026801375149091422,0.026801375149091422,0.029467480530414675,144562508.80545998,-1.0,2024-11-26 15:35:00+00:00,-0.006772673733804524,0.6618705035971282,-0.16476502825023576,1.3591,1.3452,1.3492,0.012708333333333396,5,0.0024203894488477595,11819875.418311002,0.008444204925894636,1.0,SESSION_BREADTH_TSMOM,2,2024-11-26 15:35:00+00:00,1.3603708333333333,270.85982894003234,2024-11-26 15:40:00+00:00,1.3603708333333333,CONFIRMATION_LEG_INVALIDATED,-0.008279597786342574,-0.010279597786342574,5.0
XRPUSDT,AMERICA,2024-11-26 16:00:00+00:00,2024-11-27 00:00:00+00:00,2024-11-26 16:30:00+00:00,0.02787482345945147,0.02787482345945147,0.03776109417973683,100582140.98902002,1.0,2024-11-26 23:35:00+00:00,0.003154347981934258,0.8461538461538592,0.013550534767437394,1.3995,1.3943,1.3993,0.009025000000000024,5,0.0035501388643821574,19726107.357077997,0.011092926113684466,1.0,SESSION_BREADTH_TSMOM,2,2024-11-26 23:35:00+00:00,1.3933975,80.07118644657214,2024-11-27 00:00:00+00:00,1.3993,SESSION_END,0.0,-0.002,25.0
BTCUSDT,ASIA,2024-11-27 00:00:00+00:00,2024-11-27 08:00:00+00:00,2024-11-27 00:30:00+00:00,0.00283520698967088,0.00283520698967088,0.006966850138282806,508100565.8916,1.0,2024-11-27 07:35:00+00:00,0.0010504684854104607,0.5325379609544059,0.1634438186203373,93597.3,93412.9,93580.3,157.60000000000096,5,0.0020397154116683636,349626223.947405,0.006149913772078154,1.0,SESSION_BREADTH_TSMOM,2,2024-11-27 07:35:00+00:00,93397.14,4.04008840170531,2024-11-27 08:00:00+00:00,93651.3,SESSION_END,0.0007587066936096676,-0.0012412933063903325,25.0
XRPUSDT,AMERICA,2024-11-27 16:00:00+00:00,2024-11-28 00:00:00+00:00,2024-11-27 16:30:00+00:00,-0.010157033077179967,0.010157033077179967,0.01991313063815573,121930098.83555001,-1.0,2024-11-27 23:35:00+00:00,-0.0030545750746675537,0.6428571428571769,-0.25213050064691267,1.4743,1.4673,1.4687,0.006924999999999996,5,0.0035501388643821574,20285349.874417,0.011316415011449714,0.5,HIGH_ACTIVITY_SESSION_TSMOM,1,2024-11-27 23:35:00+00:00,1.4749925,25.79533712274561,2024-11-27 23:40:00+00:00,1.4749925,CONFIRMATION_LEG_INVALIDATED,-0.0042844011711036245,-0.0062844011711036245,5.0
ETHUSDT,ASIA,2024-11-28 00:00:00+00:00,2024-11-28 08:00:00+00:00,2024-11-28 00:30:00+00:00,-0.0028201067318764927,0.0028201067318764927,0.006884780450177554,436387454.12587,-1.0,2024-11-28 07:35:00+00:00,-0.002457902183260696,0.803992740471841,-0.25160844261733695,3606.86,3595.84,3595.84,7.6724999999999,5,0.002525695561004182,176197190.81898198,0.008490511092235758,0.5,HIGH_ACTIVITY_SESSION_TSMOM,1,2024-11-28 07:35:00+00:00,3607.62725,4.1480986837701765,2024-11-28 08:00:00+00:00,3594.6,SESSION_END,0.00034484292960756946,-0.0016551570703924306,25.0
ETHUSDT,EUROPE,2024-12-01 08:00:00+00:00,2024-12-01 16:00:00+00:00,2024-12-01 08:30:00+00:00,0.002097137690449502,0.002097137690449502,0.0050525633932065155,175858820.19996,1.0,2024-12-01 15:35:00+00:00,0.0046287232929906885,0.6674400618716333,0.2890394776078353,3750.22,3724.36,3746.15,7.481666666666797,5,0.0018149269816485347,159128861.60263896,0.006551528005470102,1.0,SESSION_BREADTH_TSMOM,2,2024-12-01 15:35:00+00:00,3723.6118333333334,2.5539534866011464,2024-12-01 16:00:00+00:00,3731.0,SESSION_END,-0.00404415199604935,-0.00604415199604935,25.0
XRPUSDT,EUROPE,2024-12-02 08:00:00+00:00,2024-12-02 16:00:00+00:00,2024-12-02 08:30:00+00:00,-0.03976086155358083,0.03976086155358083,0.055321239916465335,499088458.58543,-1.0,2024-12-02 15:35:00+00:00,-0.014956239152110418,0.7612781954887184,-0.13396783107285937,2.7197,2.6665,2.6674,0.06741666666666664,5,0.00264521019182562,13656916.602209996,0.008935666648110657,1.0,SESSION_BREADTH_TSMOM,2,2024-12-02 15:35:00+00:00,2.7264416666666667,1098.6274960717813,2024-12-02 16:00:00+00:00,2.7005,SESSION_END,-0.012409087500937055,-0.014409087500937055,25.0
ETHUSDT,ASIA,2024-12-03 00:00:00+00:00,2024-12-03 08:00:00+00:00,2024-12-03 00:30:00+00:00,-0.0037133939982338937,0.0037133939982338937,0.005674307372485795,204124218.05761,-1.0,2024-12-03 07:35:00+00:00,-0.00215085786138558,0.5860255447032467,-0.045585415810982854,3631.31,3618.0,3618.66,12.521666666666647,5,0.002623802515378304,182135756.831712,0.008490511092235758,1.0,SESSION_BREADTH_TSMOM,2,2024-12-03 07:35:00+00:00,3632.5621666666666,3.1722631190895267,2024-12-03 08:00:00+00:00,3619.54,SESSION_END,-0.0002431839410168557,-0.0022431839410168557,25.0
XRPUSDT,AMERICA,2024-12-03 16:00:00+00:00,2024-12-04 00:00:00+00:00,2024-12-03 16:30:00+00:00,0.015632420452746487,0.015632420452746487,0.03704290011081206,663903835.36604,1.0,2024-12-03 23:35:00+00:00,0.010462904248573102,0.7586206896551715,0.04601934111256223,2.558,2.5232,2.5496,0.02703333333333328,5,0.0034840762613596588,20285349.874417,0.011019382585868306,1.0,SESSION_BREADTH_TSMOM,2,2024-12-03 23:35:00+00:00,2.520496666666667,293.69141078981556,2024-12-04 00:00:00+00:00,2.520496666666667,CONFIRMATION_LEG_INVALIDATED,-0.011414862462085451,-0.013414862462085451,25.0
SOLUSDT,ASIA,2024-12-04 00:00:00+00:00,2024-12-04 08:00:00+00:00,2024-12-04 00:30:00+00:00,0.020459593370920848,0.020459593370920848,0.020673159063728016,125202058.485,1.0,2024-12-04 07:35:00+00:00,0.0024896615748164486,0.7866666666666712,0.42510088895000986,237.68,236.93,237.57,0.5125000000000005,5,0.0029950516062223764,71975677.4459,0.010003096165436893,1.0,SESSION_BREADTH_TSMOM,2,2024-12-04 07:35:00+00:00,236.87875,28.235474207341014,2024-12-04 07:50:00+00:00,236.87875,CONFIRMATION_LEG_INVALIDATED,-0.002909668729216608,-0.004909668729216608,15.0
XRPUSDT,AMERICA,2024-12-05 16:00:00+00:00,2024-12-06 00:00:00+00:00,2024-12-05 16:30:00+00:00,-0.007948523845571542,0.007948523845571542,0.010640087475818025,96055830.03955999,-1.0,2024-12-05 23:35:00+00:00,-0.010907811400422185,0.7515151515151514,-0.10293414560148484,2.2767,2.2437,2.2488,0.02486666666666674,5,0.0034840762613596588,20636193.228547998,0.011113972527342952,0.5,HIGH_ACTIVITY_SESSION_TSMOM,1,2024-12-05 23:35:00+00:00,2.2791866666666665,15.928842988310334,2024-12-06 00:00:00+00:00,2.2455,SESSION_END,0.0014674493062968308,-0.0005325506937031693,25.0
XRPUSDT,ASIA,2024-12-06 00:00:00+00:00,2024-12-06 08:00:00+00:00,2024-12-06 00:30:00+00:00,0.011846441613966308,0.011846441613966308,0.025028948071613086,143138554.86529,1.0,2024-12-06 07:35:00+00:00,0.0018443853478598005,0.5058823529411888,0.13509153794861928,2.3399,2.3314,2.3357,0.011149999999999919,5,0.002334003615285407,15802840.127935994,0.00921412012683901,0.75,SESSION_BREADTH_TSMOM,2,2024-12-06 07:35:00+00:00,2.330285,80.45368195158504,2024-12-06 07:45:00+00:00,2.330285,CONFIRMATION_LEG_INVALIDATED,-0.002318362803442331,-0.004318362803442331,10.0
BTCUSDT,EUROPE,2024-12-06 08:00:00+00:00,2024-12-06 16:00:00+00:00,2024-12-06 08:30:00+00:00,0.004693019121329245,0.004693019121329245,0.006286548070098923,533344468.99810004,1.0,2024-12-06 15:35:00+00:00,0.0018644970700760766,0.7235708692247734,0.17885977489554516,99300.0,99044.6,99300.0,413.2583333333314,5,0.0016305219021086614,312789971.42235,0.00432940202166614,1.0,SESSION_BREADTH_TSMOM,2,2024-12-06 15:35:00+00:00,99003.27416666667,9.815460004347853,2024-12-06 15:55:00+00:00,99003.27416666667,CONFIRMATION_LEG_INVALIDATED,-0.0029881755622691575,-0.0049881755622691575,20.0
XRPUSDT,AMERICA,2024-12-06 16:00:00+00:00,2024-12-07 00:00:00+00:00,2024-12-06 16:30:00+00:00,0.012906268759111494,0.012906268759111494,0.015135923162678968,143072868.75987,1.0,2024-12-06 23:35:00+00:00,0.008829929695346461,0.9419642857142816,0.2768353565891659,2.4118,2.3894,2.4107,0.01945000000000008,5,0.0035501388643821574,21034290.927334998,0.011113972527342952,0.5,HIGH_ACTIVITY_SESSION_TSMOM,1,2024-12-06 23:35:00+00:00,2.387455,37.09163962699243,2024-12-07 00:00:00+00:00,2.4266,SESSION_END,0.00659559464056092,0.00459559464056092,25.0
XRPUSDT,ASIA,2024-12-08 00:00:00+00:00,2024-12-08 08:00:00+00:00,2024-12-08 00:30:00+00:00,-0.009839580382097313,0.009839580382097313,0.016654542670086862,183583330.90207,-1.0,2024-12-08 07:35:00+00:00,-0.004275331338178701,0.691823899371066,-0.2604902042891093,2.5743,2.5584,2.5619,0.00933333333333338,5,0.002334003615285407,15802840.127935994,0.00921412012683901,0.25,HIGH_ACTIVITY_SESSION_TSMOM,1,2024-12-08 07:35:00+00:00,2.5752333333333333,61.218567835261084,2024-12-08 08:00:00+00:00,2.5543,SESSION_END,0.0029665482649595676,0.0009665482649595675,25.0
ETHUSDT,EUROPE,2024-12-08 08:00:00+00:00,2024-12-08 16:00:00+00:00,2024-12-08 08:30:00+00:00,-0.005139109957370658,0.005139109957370658,0.008689037402276605,298293604.88927,-1.0,2024-12-08 15:35:00+00:00,-0.0009693962118206834,0.6411960132890596,-0.19425300508500054,3983.42,3977.4,3978.0,8.361666666666679,5,0.0018659127386799756,168471864.102436,0.00627012190475684,1.0,SESSION_BREADTH_TSMOM,2,2024-12-08 15:35:00+00:00,3984.2561666666666,9.753110336750046,2024-12-08 15:40:00+00:00,3984.2561666666666,CONFIRMATION_LEG_INVALIDATED,-0.0015726914697502536,-0.0035726914697502537,5.0
SOLUSDT,EUROPE,2024-12-11 08:00:00+00:00,2024-12-11 16:00:00+00:00,2024-12-11 08:30:00+00:00,0.013003663003662957,0.013003663003662957,0.01378205128205137,64176977.105000004,1.0,2024-12-11 15:35:00+00:00,0.0033199370959287045,0.5547445255474576,0.05056255232819251,229.8,228.43,229.68,1.1333333333333304,5,0.0032897886565735335,57988320.1483,0.00840487110293158,1.0,SESSION_BREADTH_TSMOM,2,2024-12-11 15:35:00+00:00,228.31666666666666,12.963148822913096,2024-12-11 16:00:00+00:00,228.31666666666666,CONFIRMATION_LEG_INVALIDATED,-0.005935794728898269,-0.00793579472889827,25.0
XRPUSDT,AMERICA,2024-12-11 16:00:00+00:00,2024-12-12 00:00:00+00:00,2024-12-11 16:30:00+00:00,-0.005435226808336746,0.005435226808336746,0.018267266040048934,145782561.05597,-1.0,2024-12-11 23:35:00+00:00,-0.0031698983162486982,0.5202702702702684,-0.18287577017535295,2.4349,2.4201,2.4214,0.009174999999999933,5,0.0035501388643821574,21292097.926600996,0.011113972527342952,0.25,HIGH_ACTIVITY_SESSION_TSMOM,1,2024-12-11 23:35:00+00:00,2.4358174999999997,13.10296148038385,2024-12-12 00:00:00+00:00,2.3939,SESSION_END,0.011357066160072815,0.009357066160072815,25.0
XRPUSDT,ASIA,2024-12-12 00:00:00+00:00,2024-12-12 08:00:00+00:00,2024-12-12 00:30:00+00:00,-0.006725708079204695,0.006725708079204695,0.014829977441724398,112295714.22803,-1.0,2024-12-12 07:35:00+00:00,-0.0020898213407638533,0.5730337078651719,-0.04923657159229422,2.4439,2.435,2.4353,0.00842499999999998,5,0.002472444886417735,18604648.876929,0.01073990695515371,1.0,SESSION_BREADTH_TSMOM,2,2024-12-12 07:35:00+00:00,2.4447425000000003,32.83848352263752,2024-12-12 07:40:00+00:00,2.4447425000000003,CONFIRMATION_LEG_INVALIDATED,-0.003877345706894575,-0.005877345706894575,5.0
XRPUSDT,ASIA,2024-12-13 00:00:00+00:00,2024-12-13 08:00:00+00:00,2024-12-13 00:30:00+00:00,0.007828542094455937,0.007828542094455937,0.012748117727583962,62990340.49421,1.0,2024-12-13 07:35:00+00:00,0.003948281846580803,0.7459016393442355,0.22128708403130015,2.3167,2.3045,2.3139,0.012833333333333289,5,0.002472444886417735,19089797.559676997,0.011160631144182491,1.0,SESSION_BREADTH_TSMOM,2,2024-12-13 07:35:00+00:00,2.3032166666666667,20.895698841710317,2024-12-13 08:00:00+00:00,2.3141,SESSION_END,8.643415877962468e-05,-0.0019135658412203754,25.0
BTCUSDT,AMERICA,2024-12-13 16:00:00+00:00,2024-12-14 00:00:00+00:00,2024-12-13 16:30:00+00:00,0.0034067574200398187,0.0034067574200398187,0.006086285823040998,750146127.5804,1.0,2024-12-13 23:35:00+00:00,0.0009496272218556534,0.7511737089202563,0.3832285430966944,101215.9,101088.1,101188.3,83.32499999999952,5,0.0022614279905578405,700832173.3714,0.007803926315293713,0.75,SESSION_BREADTH_TSMOM,2,2024-12-13 23:35:00+00:00,101079.7675,2.8218136934202103,2024-12-14 00:00:00+00:00,101371.9,SESSION_END,0.001814439021112113,-0.00018556097888788696,25.0
ETHUSDT,ASIA,2024-12-17 00:00:00+00:00,2024-12-17 08:00:00+00:00,2024-12-17 00:30:00+00:00,-0.004095604252200902,0.004095604252200902,0.009661811501821941,540840820.56198,-1.0,2024-12-17 07:35:00+00:00,-0.0017655586749855123,0.8743842364532025,-0.4130772578847528,4022.0,4013.88,4014.29,7.105833333333332,5,0.0032715769332261613,201165908.914022,0.007574705638613831,0.75,SESSION_BREADTH_TSMOM,2,2024-12-17 07:35:00+00:00,4022.7105833333335,5.889982109731393,2024-12-17 08:00:00+00:00,3993.05,SESSION_END,0.0052910975539883776,0.0032910975539883775,25.0
ETHUSDT,ASIA,2024-12-18 00:00:00+00:00,2024-12-18 08:00:00+00:00,2024-12-18 00:30:00+00:00,-0.0034620040557107323,0.0034620040557107323,0.0067929300068623995,259735453.44528997,-1.0,2024-12-18 07:35:00+00:00,-0.001314385362171655,0.7276657060518281,-0.4636543882458969,3843.79,3836.85,3837.05,9.816666666666682,5,0.003307268286612819,201165908.914022,0.007574705638613831,0.75,SESSION_BREADTH_TSMOM,2,2024-12-18 07:35:00+00:00,3844.7716666666665,2.365228181114323,2024-12-18 07:45:00+00:00,3844.7716666666665,CONFIRMATION_LEG_INVALIDATED,-0.0020123966762659595,-0.00401239667626596,10.0
SOLUSDT,EUROPE,2024-12-20 08:00:00+00:00,2024-12-20 16:00:00+00:00,2024-12-20 08:30:00+00:00,-0.036031795837255465,0.036031795837255465,0.03890806401004078,318470219.768,-1.0,2024-12-20 15:35:00+00:00,-0.006631927996210374,0.6428571428571501,-0.14390676087943244,190.53,188.57,188.73,1.4725000000000037,5,0.0033726235542527183,60682326.2336,0.008501009291813778,1.0,SESSION_BREADTH_TSMOM,2,2024-12-20 15:35:00+00:00,190.67725000000002,112.13847392834965,2024-12-20 16:00:00+00:00,189.72,SESSION_END,-0.005245588936576118,-0.007245588936576118,25.0
BTCUSDT,EUROPE,2024-12-22 08:00:00+00:00,2024-12-22 16:00:00+00:00,2024-12-22 08:30:00+00:00,0.0036323149198322913,0.0036323149198322913,0.005140754802109528,252956438.06649998,1.0,2024-12-22 15:35:00+00:00,0.00152881934643756,0.626936316695356,0.31127377923599187,95480.0,95247.6,95448.0,327.1750000000029,5,0.0017669593930619287,333092527.852234,0.004532668663415444,1.0,SESSION_BREADTH_TSMOM,2,2024-12-22 15:35:00+00:00,95214.8825,4.662940112315566,2024-12-22 15:50:00+00:00,95214.8825,CONFIRMATION_LEG_INVALIDATED,-0.002442350808817273,-0.004442350808817273,15.0
BTCUSDT,ASIA,2024-12-23 00:00:00+00:00,2024-12-23 08:00:00+00:00,2024-12-23 00:30:00+00:00,-0.00497512437810943,0.00497512437810943,0.00833601321655345,387422152.1074,-1.0,2024-12-23 07:35:00+00:00,-0.0009997524222753462,0.5390271493212746,-0.12677136126571042,95350.0,95173.2,95228.3,279.225000000001,5,0.001956664729181379,375083917.68753994,0.005955145755333266,1.0,SESSION_BREADTH_TSMOM,2,2024-12-23 07:35:00+00:00,95377.9225,7.118418559781968,2024-12-23 07:45:00+00:00,95377.9225,CONFIRMATION_LEG_INVALIDATED,-0.0015711978476986577,-0.0035711978476986577,10.0
SOLUSDT,EUROPE,2024-12-24 08:00:00+00:00,2024-12-24 16:00:00+00:00,2024-12-24 08:30:00+00:00,0.004231311706629048,0.004231311706629048,0.010082014313326055,76402014.813,1.0,2024-12-24 15:35:00+00:00,0.003497744208445175,0.5,0.2496051119996585,198.6,197.22,197.96,0.8241666666666584,5,0.003484706854007147,61715380.097100005,0.008662713628514507,1.0,SESSION_BREADTH_TSMOM,2,2024-12-24 15:35:00+00:00,197.13758333333334,3.006423580670481,2024-12-24 16:00:00+00:00,197.67,SESSION_END,-0.0014649424126087496,-0.0034649424126087496,25.0
XRPUSDT,AMERICA,2024-12-27 16:00:00+00:00,2024-12-28 00:00:00+00:00,2024-12-27 16:30:00+00:00,-0.0051317937951947945,0.0051317937951947945,0.018007930954047208,90989289.76007,-1.0,2024-12-27 23:35:00+00:00,-0.0032698056801195863,0.6862745098039489,-0.28389560230143784,2.1426,2.1324,2.1338,0.006725000000000018,5,0.0034522132023840912,55987593.61751499,0.01269410540115371,0.75,SESSION_BREADTH_TSMOM,2,2024-12-27 23:35:00+00:00,2.1432724999999997,4.22773843596619,2024-12-27 23:50:00+00:00,2.1432724999999997,CONFIRMATION_LEG_INVALIDATED,-0.00443926328615607,-0.00643926328615607,15.0
XRPUSDT,ASIA,2025-01-02 00:00:00+00:00,2025-01-02 08:00:00+00:00,2025-01-02 00:30:00+00:00,0.047725226190986625,0.047725226190986625,0.05282792333090356,344193754.76927,1.0,2025-01-02 07:35:00+00:00,0.003275341358628614,0.8461538461538162,0.2536052935489126,2.3591,2.35,2.3586,0.009233333333333316,5,0.003198273085581349,60793551.84558199,0.01477816462865813,1.0,SESSION_BREADTH_TSMOM,2,2025-01-02 07:35:00+00:00,2.349076666666667,168.96934323475043,2025-01-02 08:00:00+00:00,2.3666,SESSION_END,0.0033918426185024497,0.0013918426185024497,25.0
ETHUSDT,AMERICA,2025-01-07 16:00:00+00:00,2025-01-08 00:00:00+00:00,2025-01-07 16:30:00+00:00,0.005136931882202989,0.005136931882202989,0.010736129850543554,642783112.05398,1.0,2025-01-07 23:35:00+00:00,0.001566480856421526,0.5475206611570058,0.08252227106194376,3388.68,3379.0,3388.68,8.510833333333267,5,0.0033249241022350606,358756479.225775,0.009690089119802526,1.0,SESSION_BREADTH_TSMOM,2,2025-01-07 23:35:00+00:00,3378.1489166666665,5.536263738748449,2025-01-07 23:50:00+00:00,3378.1489166666665,CONFIRMATION_LEG_INVALIDATED,-0.0031077243449759706,-0.005107724344975971,15.0
XRPUSDT,AMERICA,2025-01-12 16:00:00+00:00,2025-01-13 00:00:00+00:00,2025-01-12 16:30:00+00:00,0.006940313305572099,0.006940313305572099,0.00884394209795756,75026010.96830001,1.0,2025-01-12 23:35:00+00:00,0.00196432150731618,0.5505617977528151,0.1205067949502221,2.5024,2.4935,2.4994,0.007608333333333254,5,0.0037873631062939617,74086948.13559999,0.01419965008027166,0.25,HIGH_ACTIVITY_SESSION_TSMOM,1,2025-01-12 23:35:00+00:00,2.4927391666666665,2.319649115994163,2025-01-13 00:00:00+00:00,2.5031,SESSION_END,0.0014803552852684643,-0.0005196447147315358,25.0
BTCUSDT,EUROPE,2025-01-14 08:00:00+00:00,2025-01-14 16:00:00+00:00,2025-01-14 08:30:00+00:00,0.005190701873166503,0.005190701873166503,0.009603114842960612,765400944.5759001,1.0,2025-01-14 15:35:00+00:00,0.0016379897511602515,0.5594900849858184,0.091955008745632,96684.6,96402.2,96617.7,362.3749999999988,5,0.0016935004557000477,338981565.70334995,0.00489647771552001,1.0,SESSION_BREADTH_TSMOM,2,2025-01-14 15:35:00+00:00,96365.9625,13.84151655068525,2025-01-14 15:40:00+00:00,96365.9625,CONFIRMATION_LEG_INVALIDATED,-0.002605500855433318,-0.004605500855433318,5.0
ETHUSDT,EUROPE,2025-01-16 08:00:00+00:00,2025-01-16 16:00:00+00:00,2025-01-16 08:30:00+00:00,-0.00730837684261576,0.00730837684261576,0.009703111973084409,188960240.98561,-1.0,2025-01-16 15:35:00+00:00,-0.0027834320954147618,0.6112582781456818,-0.12406905806417334,3321.76,3306.66,3306.82,22.023333333333273,5,0.00189939984423515,204744545.094373,0.007012950862397174,0.75,SESSION_BREADTH_TSMOM,2,2025-01-16 15:35:00+00:00,3323.9623333333334,9.316500908565532,2025-01-16 16:00:00+00:00,3323.9623333333334,CONFIRMATION_LEG_INVALIDATED,-0.005183933003106711,-0.007183933003106711,25.0
SOLUSDT,AMERICA,2025-01-16 16:00:00+00:00,2025-01-17 00:00:00+00:00,2025-01-16 16:30:00+00:00,0.02354179625819408,0.02354179625819408,0.026604143738934886,203142961.434,1.0,2025-01-16 23:35:00+00:00,0.0038617401668652462,0.9418604651162668,0.19800285400929307,210.56,209.7,210.56,0.6524999999999963,5,0.004365847993351435,107501011.35299999,0.012285578452097117,1.0,SESSION_BREADTH_TSMOM,2,2025-01-16 23:35:00+00:00,209.63475,23.353644119076208,2025-01-17 00:00:00+00:00,211.02,SESSION_END,0.002184650455927084,0.00018465045592708403,25.0
XRPUSDT,AMERICA,2025-01-17 16:00:00+00:00,2025-01-18 00:00:00+00:00,2025-01-17 16:30:00+00:00,0.013473381474881974,0.013473381474881974,0.015661633686579773,149389216.17295998,1.0,2025-01-17 23:35:00+00:00,0.009878349949693499,0.8709677419354754,0.2670670731999796,3.317,3.2798,3.3123,0.012433333333333296,5,0.003921803268169932,85723439.60280299,0.015326580179666257,1.0,SESSION_BREADTH_TSMOM,2,2025-01-17 23:35:00+00:00,3.2785566666666663,11.974033196815109,2025-01-18 00:00:00+00:00,3.2911,SESSION_END,-0.006400386438426442,-0.008400386438426442,25.0
XRPUSDT,ASIA,2025-01-18 00:00:00+00:00,2025-01-18 08:00:00+00:00,2025-01-18 00:30:00+00:00,-0.005408526024733407,0.005408526024733407,0.012488225821153928,112272862.78714001,-1.0,2025-01-18 07:35:00+00:00,-0.005799872530274031,0.7711864406779543,-0.26157032492378085,3.138,3.1144,3.1198,0.01407500000000006,5,0.0032628506744987185,79468137.18668099,0.016963093915728564,0.25,HIGH_ACTIVITY_SESSION_TSMOM,1,2025-01-18 07:35:00+00:00,3.1394075,2.9273422572860324,2025-01-18 08:00:00+00:00,3.1157,SESSION_END,0.0013141868068466955,-0.0006858131931533045,25.0
SOLUSDT,EUROPE,2025-01-18 08:00:00+00:00,2025-01-18 16:00:00+00:00,2025-01-18 08:30:00+00:00,0.020488810618100706,0.020488810618100706,0.029895623040247447,300311404.296,1.0,2025-01-18 15:35:00+00:00,0.009264128807799699,0.6676384839650109,0.1984072748045138,249.81,246.38,249.48,1.9783333333333317,5,0.003484706854007147,66572580.8635,0.008940912142069529,0.25,HIGH_ACTIVITY_SESSION_TSMOM,1,2025-01-18 15:35:00+00:00,246.18216666666666,33.154077061205896,2025-01-18 16:00:00+00:00,257.67,SESSION_END,0.03282828282828287,0.03082828282828287,25.0
ETHUSDT,AMERICA,2025-01-19 16:00:00+00:00,2025-01-20 00:00:00+00:00,2025-01-19 16:30:00+00:00,0.00939810737485458,0.00939810737485458,0.013618389554506047,419083056.01672006,1.0,2025-01-19 23:35:00+00:00,0.01639742231638408,0.8185395026754767,0.13358556841027114,3224.87,3161.33,3223.85,46.34250000000001,5,0.0034520186678694276,364588889.63388,0.010081721127206313,0.75,SESSION_BREADTH_TSMOM,2,2025-01-19 23:35:00+00:00,3156.69575,6.435708850637557,2025-01-20 00:00:00+00:00,3214.15,SESSION_END,-0.003008824852272829,-0.005008824852272829,25.0
ETHUSDT,ASIA,2025-01-20 00:00:00+00:00,2025-01-20 08:00:00+00:00,2025-01-20 00:30:00+00:00,-0.009100355925031778,0.009100355925031778,0.01398810264579238,664064916.4979601,-1.0,2025-01-20 07:35:00+00:00,-0.007712142798271482,0.838936919628556,-0.28978786588198624,3399.44,3368.21,3371.04,31.48916666666666,5,0.002864718625404772,211268399.57518098,0.007899554463770917,0.75,SESSION_BREADTH_TSMOM,2,2025-01-20 07:35:00+00:00,3402.5889166666666,17.473924278774682,2025-01-20 08:00:00+00:00,3383.33,SESSION_END,-0.0036457591722436344,-0.0056457591722436345,25.0
BTCUSDT,ASIA,2025-01-21 00:00:00+00:00,2025-01-21 08:00:00+00:00,2025-01-21 00:30:00+00:00,-0.0026474923152305374,0.0026474923152305374,0.008481364372988312,586703172.7105,-1.0,2025-01-21 07:35:00+00:00,-0.0009392760934706645,0.5282811641954641,-0.3547734694457563,102420.1,102238.0,102323.1,267.875,5,0.0017568995287906564,389870488.56193995,0.005858377103490361,0.75,SESSION_BREADTH_TSMOM,2,2025-01-21 07:35:00+00:00,102446.88750000001,3.9684773411898053,2025-01-21 08:00:00+00:00,101980.7,SESSION_END,0.0033462629650587994,0.0013462629650587993,25.0
ETHUSDT,ASIA,2025-01-24 00:00:00+00:00,2025-01-24 08:00:00+00:00,2025-01-24 00:30:00+00:00,-0.007292075485264449,0.007292075485264449,0.011001027601434388,243992111.96424,-1.0,2025-01-24 07:35:00+00:00,-0.0019039241500232729,0.5361596009974822,-0.3284977015113041,3390.09,3378.06,3381.29,10.161666666666633,5,0.003102369704395813,211268399.57518098,0.007899554463770917,0.75,SESSION_BREADTH_TSMOM,2,2025-01-24 07:35:00+00:00,3391.106166666667,5.72830732944435,2025-01-24 08:00:00+00:00,3380.58,SESSION_END,0.0002099790316713035,-0.0017900209683286965,25.0
SOLUSDT,AMERICA,2025-01-24 16:00:00+00:00,2025-01-25 00:00:00+00:00,2025-01-24 16:30:00+00:00,0.00606592400427286,0.00606592400427286,0.010872882649168407,140456330.245,1.0,2025-01-24 23:35:00+00:00,0.002091967633708336,0.5408163265306034,0.10130584563442424,253.99,253.01,253.88,0.9975000000000023,5,0.004488333695882585,114688561.04830001,0.01291288219412379,0.75,SESSION_BREADTH_TSMOM,2,2025-01-24 23:35:00+00:00,252.91025,2.896483701144314,2025-01-24 23:45:00+00:00,252.91025,CONFIRMATION_LEG_INVALIDATED,-0.0038197179769969836,-0.005819717976996984,10.0
SOLUSDT,EUROPE,2025-01-25 08:00:00+00:00,2025-01-25 16:00:00+00:00,2025-01-25 08:30:00+00:00,0.006150111268460323,0.006150111268460323,0.010762694719805772,101569136.873,1.0,2025-01-25 15:35:00+00:00,0.004353676878017909,0.7857142857142785,0.12933522462862168,253.99,252.59,253.76,0.9358333333333301,5,0.003842872645575146,69433266.88,0.009854106288687095,0.5,HIGH_ACTIVITY_SESSION_TSMOM,1,2025-01-25 15:35:00+00:00,252.49641666666668,3.5116595290111015,2025-01-25 15:50:00+00:00,252.49641666666668,CONFIRMATION_LEG_INVALIDATED,-0.00497944251786453,-0.00697944251786453,15.0
BTCUSDT,ASIA,2025-01-27 00:00:00+00:00,2025-01-27 08:00:00+00:00,2025-01-27 00:30:00+00:00,0.0024375975039001574,0.0024375975039001574,0.009375,690556440.5426999,1.0,2025-01-27 07:35:00+00:00,0.005661317366249419,0.7285413375460776,0.15714176649083367,98472.2,97712.6,98304.5,499.02500000000146,5,0.0018239257368939388,394891968.01451,0.005955145755333266,0.5,HIGH_ACTIVITY_SESSION_TSMOM,1,2025-01-27 07:35:00+00:00,97662.69750000001,3.5056373204929674,2025-01-27 08:00:00+00:00,98996.3,SESSION_END,0.007037317721976244,0.005037317721976244,25.0
XRPUSDT,AMERICA,2025-01-27 16:00:00+00:00,2025-01-28 00:00:00+00:00,2025-01-27 16:30:00+00:00,0.012894273724110006,0.012894273724110006,0.026702314877487466,131958191.24114,1.0,2025-01-27 23:35:00+00:00,0.003905215779719473,0.9291338582677078,0.16339112355871,3.0341,3.0214,3.0334,0.011166666666666695,5,0.004287612982249112,98063093.670218,0.016017542833425012,0.5,HIGH_ACTIVITY_SESSION_TSMOM,1,2025-01-27 23:35:00+00:00,3.020283333333333,7.520134115917848,2025-01-28 00:00:00+00:00,3.0533,SESSION_END,0.006560295378123637,0.004560295378123637,25.0
ETHUSDT,AMERICA,2025-01-31 16:00:00+00:00,2025-02-01 00:00:00+00:00,2025-01-31 16:30:00+00:00,-0.008528373917535803,0.008528373917535803,0.012553229370061895,847186313.9496001,-1.0,2025-01-31 23:35:00+00:00,-0.0057963373692566655,0.9730417090539293,-0.254414290200346,3300.69,3281.03,3281.23,10.332499999999945,5,0.003715323604655374,377917288.64772594,0.01033401792561195,1.0,SESSION_BREADTH_TSMOM,2,2025-01-31 23:35:00+00:00,3301.72325,10.291572866613027,2025-02-01 00:00:00+00:00,3299.5,SESSION_END,-0.005568033938492478,-0.007568033938492478,25.0
SOLUSDT,EUROPE,2025-02-02 08:00:00+00:00,2025-02-02 16:00:00+00:00,2025-02-02 08:30:00+00:00,0.00425170068027203,0.00425170068027203,0.012755102040816273,85799779.336,1.0,2025-02-02 15:35:00+00:00,0.004904528355792692,0.6204819277108453,0.14736735124204814,211.21,209.55,211.04,0.9675000000000011,5,0.003792559978411103,71528170.58909999,0.009854106288687095,1.0,SESSION_BREADTH_TSMOM,2,2025-02-02 15:35:00+00:00,209.45325000000003,2.9021971777099065,2025-02-02 16:00:00+00:00,211.92,SESSION_END,0.004169825625473855,0.0021698256254738552,25.0
XRPUSDT,AMERICA,2025-02-04 16:00:00+00:00,2025-02-05 00:00:00+00:00,2025-02-04 16:30:00+00:00,0.006872327428222302,0.006872327428222302,0.023098656078191726,80119289.32702999,1.0,2025-02-04 23:35:00+00:00,0.0033798560578950365,0.5059523809523936,0.0687066214951837,2.527,2.5102,2.5234,0.020333333333333276,5,0.0045678977585197345,104118199.11120097,0.01649986409673387,1.0,SESSION_BREADTH_TSMOM,2,2025-02-04 23:35:00+00:00,2.508166666666667,4.212343795986732,2025-02-05 00:00:00+00:00,2.5253,SESSION_END,0.000752952365855597,-0.001247047634144403,25.0
SOLUSDT,ASIA,2025-02-07 00:00:00+00:00,2025-02-07 08:00:00+00:00,2025-02-07 00:30:00+00:00,0.010504090789126508,0.010504090789126508,0.016785431512272256,71622404.251,1.0,2025-02-07 07:35:00+00:00,0.00212998077822224,0.7068965517241168,0.22670697667730133,192.96,192.38,192.9,0.8208333333333376,5,0.0033262400257907943,87128072.2593,0.012022343805736229,1.0,SESSION_BREADTH_TSMOM,2,2025-02-07 07:35:00+00:00,192.29791666666665,8.81816547362424,2025-02-07 07:40:00+00:00,192.29791666666665,CONFIRMATION_LEG_INVALIDATED,-0.003121219975807943,-0.005121219975807943,5.0
ETHUSDT,ASIA,2025-02-08 00:00:00+00:00,2025-02-08 08:00:00+00:00,2025-02-08 00:30:00+00:00,0.014244503293063593,0.014244503293063593,0.020197202231499047,285293012.34264004,1.0,2025-02-08 07:35:00+00:00,0.0022636566289517823,0.8940998487140919,0.36475821732467706,2617.43,2610.82,2616.73,7.580833333333317,5,0.003321470287972139,227128363.026397,0.00879098656996586,1.0,SESSION_BREADTH_TSMOM,2,2025-02-08 07:35:00+00:00,2610.061916666667,19.706093144164065,2025-02-08 08:00:00+00:00,2628.33,SESSION_END,0.00443301372323468,0.00243301372323468,25.0
ETHUSDT,EUROPE,2025-02-14 08:00:00+00:00,2025-02-14 16:00:00+00:00,2025-02-14 08:30:00+00:00,0.005151945322663609,0.005151945322663609,0.007898414016256405,132477893.35582,1.0,2025-02-14 15:35:00+00:00,0.00241481382564368,0.5406976744185866,0.17684750647081704,2704.8,2692.76,2702.37,13.031666666666675,5,0.002406596009341011,222115059.420181,0.007656156050974087,1.0,SESSION_BREADTH_TSMOM,2,2025-02-14 15:35:00+00:00,2691.4568333333336,4.416997633170055,2025-02-14 16:00:00+00:00,2733.34,SESSION_END,0.011460310764255244,0.009460310764255244,25.0
BTCUSDT,AMERICA,2025-02-20 16:00:00+00:00,2025-02-21 00:00:00+00:00,2025-02-20 16:30:00+00:00,0.008063292354479223,0.008063292354479223,0.00869196282482598,591041961.4016,1.0,2025-02-20 23:35:00+00:00,0.001195845987249644,0.9991496598638961,0.3030550665456322,98374.3,98256.7,98374.3,119.858333333336,5,0.0028329342241748545,897488320.4540298,0.008366657733537227,1.0,SESSION_BREADTH_TSMOM,2,2025-02-20 23:35:00+00:00,98244.71416666666,5.91386992759213,2025-02-21 00:00:00+00:00,98244.71416666666,CONFIRMATION_LEG_INVALIDATED,-0.0013172732444687307,-0.0033172732444687308,25.0
SOLUSDT,AMERICA,2025-02-21 16:00:00+00:00,2025-02-22 00:00:00+00:00,2025-02-21 16:30:00+00:00,0.005085823267641398,0.005085823267641398,0.017627001098075544,232965133.99199998,1.0,2025-02-21 23:35:00+00:00,0.0016573931573340417,0.5090909090909269,0.1499069289671786,169.41,168.86,169.22,0.6665833333333305,5,0.004708128353143937,122737894.37750001,0.01391686423330055,1.0,SESSION_BREADTH_TSMOM,2,2025-02-21 23:35:00+00:00,168.7933416666667,4.100673824078282,2025-02-21 23:50:00+00:00,168.7933416666667,CONFIRMATION_LEG_INVALIDATED,-0.0025213233266357937,-0.004521323326635794,15.0
ETHUSDT,EUROPE,2025-02-23 08:00:00+00:00,2025-02-23 16:00:00+00:00,2025-02-23 08:30:00+00:00,-0.0045508634245158275,0.0045508634245158275,0.00727783995126864,299664579.38848,-1.0,2025-02-23 15:35:00+00:00,-0.0030562237942214354,0.9426681367144463,-0.31350759325546207,2797.71,2788.64,2789.02,7.294999999999997,5,0.00234961317773813,216681563.59849197,0.007656156050974087,1.0,SESSION_BREADTH_TSMOM,2,2025-02-23 15:35:00+00:00,2798.4395,5.357237247389383,2025-02-23 16:00:00+00:00,2781.75,SESSION_END,0.0026066503646442474,0.0006066503646442473,25.0
ETHUSDT,ASIA,2025-02-25 00:00:00+00:00,2025-02-25 08:00:00+00:00,2025-02-25 00:30:00+00:00,-0.0038212605383202147,0.0038212605383202147,0.02891818521968271,746094977.70994,-1.0,2025-02-25 07:35:00+00:00,-0.011367719734344472,0.5912489006156582,-0.010014899904064234,2381.74,2336.26,2338.58,29.394999999999868,5,0.003470990145009678,227128363.026397,0.009306481575384436,0.25,HIGH_ACTIVITY_SESSION_TSMOM,1,2025-02-25 07:35:00+00:00,2384.6794999999997,4.5204953576145295,2025-02-25 07:50:00+00:00,2384.6794999999997,CONFIRMATION_LEG_INVALIDATED,-0.01971260337469749,-0.021712603374697492,15.0
SOLUSDT,EUROPE,2025-02-25 08:00:00+00:00,2025-02-25 16:00:00+00:00,2025-02-25 08:30:00+00:00,0.016889411073578886,0.016889411073578886,0.029519753267733956,198821163.36900002,1.0,2025-02-25 15:35:00+00:00,0.0042902581551891306,0.5631067961165164,0.013365974662727709,135.78,134.75,135.77,1.473666666666669,5,0.004130879810262111,77319571.35,0.010313897077818292,1.0,SESSION_BREADTH_TSMOM,2,2025-02-25 15:35:00+00:00,134.60263333333333,23.404096095905317,2025-02-25 16:00:00+00:00,138.83,SESSION_END,0.022538115931354463,0.02053811593135446,25.0
BTCUSDT,AMERICA,2025-02-25 16:00:00+00:00,2025-02-26 00:00:00+00:00,2025-02-25 16:30:00+00:00,-0.009823775210189956,0.009823775210189956,0.011517450474045534,1104318096.648,-1.0,2025-02-25 23:35:00+00:00,-0.0014345800062013359,0.7263936291240587,-0.3230332679035077,89027.3,88851.5,88887.9,193.83333333333334,5,0.0028385406400862068,915598501.81663,0.008427695691573447,0.75,SESSION_BREADTH_TSMOM,2,2025-02-25 23:35:00+00:00,89046.68333333333,8.276921880416419,2025-02-26 00:00:00+00:00,88639.1,SESSION_END,0.0027990311392213085,0.0007990311392213085,25.0
BTCUSDT,AMERICA,2025-02-26 16:00:00+00:00,2025-02-27 00:00:00+00:00,2025-02-26 16:30:00+00:00,-0.008226282750624092,0.008226282750624092,0.01782799175201192,1542500238.0600998,-1.0,2025-02-26 23:35:00+00:00,-0.0019998526549440676,0.5406360424028311,-0.1527530159287076,84199.3,83888.0,83987.9,303.4833333333372,5,0.0028385406400862068,938715642.3568,0.008540972798889507,1.0,SESSION_BREADTH_TSMOM,2,2025-02-26 23:35:00+00:00,84229.64833333333,12.098557635842331,2025-02-27 00:00:00+00:00,84229.64833333333,CONFIRMATION_LEG_INVALIDATED,-0.002878370971691524,-0.004878370971691524,25.0
BTCUSDT,EUROPE,2025-02-28 08:00:00+00:00,2025-02-28 16:00:00+00:00,2025-02-28 08:30:00+00:00,-0.004090454889407291,0.004090454889407291,0.013729173483038799,1212088355.5773,-1.0,2025-02-28 15:35:00+00:00,-0.00509870431668924,0.7755912619606351,-0.16291242758491264,84380.9,83827.0,83827.1,575.7500000000024,5,0.0017357338179405657,369271566.10691,0.005252401459590948,0.75,SESSION_BREADTH_TSMOM,2,2025-02-28 15:35:00+00:00,84438.47499999999,13.536766630179969,2025-02-28 16:00:00+00:00,83948.1,SESSION_END,-0.0014434472861402092,-0.0034434472861402093,25.0
ETHUSDT,EUROPE,2025-03-03 08:00:00+00:00,2025-03-03 16:00:00+00:00,2025-03-03 08:30:00+00:00,-0.008537837667917048,0.008537837667917048,0.01293459354108585,216084700.13742,-1.0,2025-03-03 15:35:00+00:00,-0.005985788635248901,0.5637775960752225,-0.22686727932315565,2307.8,2283.34,2290.0,25.56166666666665,5,0.002417793702029658,235211529.858693,0.007798628563434118,1.0,SESSION_BREADTH_TSMOM,2,2025-03-03 15:35:00+00:00,2310.356166666667,11.713675715625376,2025-03-03 16:00:00+00:00,2286.33,SESSION_END,0.0016026200873362484,-0.00039737991266375165,25.0
SOLUSDT,ASIA,2025-03-04 00:00:00+00:00,2025-03-04 08:00:00+00:00,2025-03-04 00:30:00+00:00,0.009362900387187567,0.009362900387187567,0.0278071101724746,170084408.825,1.0,2025-03-04 07:35:00+00:00,0.006680860436091285,0.705426356589149,0.3881953555488915,137.35,136.06,137.12,0.6858333333333348,5,0.0041364904770262445,88020894.0398,0.012311820699409328,0.75,SESSION_BREADTH_TSMOM,2,2025-03-04 07:35:00+00:00,135.99141666666668,8.946434738004449,2025-03-04 08:00:00+00:00,135.99141666666668,CONFIRMATION_LEG_INVALIDATED,-0.008230625243096035,-0.010230625243096035,25.0
ETHUSDT,EUROPE,2025-03-04 08:00:00+00:00,2025-03-04 16:00:00+00:00,2025-03-04 08:30:00+00:00,0.0062221410127567545,0.0062221410127567545,0.017103675102299962,261454872.65436,1.0,2025-03-04 15:35:00+00:00,0.004857017586593404,0.5071210579857687,0.10774047461492864,2066.46,2046.8,2062.67,35.02249999999996,5,0.0024286165149758343,235211529.858693,0.007836134314735232,1.0,SESSION_BREADTH_TSMOM,2,2025-03-04 15:35:00+00:00,2043.29775,11.184033720485667,2025-03-04 16:00:00+00:00,2073.79,SESSION_END,0.005391070796588737,0.003391070796588737,25.0
SOLUSDT,EUROPE,2025-03-05 08:00:00+00:00,2025-03-05 16:00:00+00:00,2025-03-05 08:30:00+00:00,0.005952380952380931,0.005952380952380931,0.01295518207282909,75242915.23799999,1.0,2025-03-05 15:35:00+00:00,0.004271374670748118,0.5769230769230759,0.17116461186214504,141.32,140.28,141.07,1.3424999999999965,5,0.004243875464296165,86259567.2782,0.010766831555475715,1.0,SESSION_BREADTH_TSMOM,2,2025-03-05 15:35:00+00:00,140.14575,3.3753101477652843,2025-03-05 16:00:00+00:00,141.55,SESSION_END,0.003402566101935234,0.0014025661019352337,25.0
BTCUSDT,ASIA,2025-03-07 00:00:00+00:00,2025-03-07 08:00:00+00:00,2025-03-07 00:30:00+00:00,-0.03218230707358816,0.03218230707358816,0.052776847606852535,3669299309.9077997,-1.0,2025-03-07 07:35:00+00:00,-0.0018494449968271542,0.8070088845015155,-0.5439039132895204,88443.9,88241.3,88241.4,192.45833333333576,5,0.0018687963662201712,432349319.523,0.006147202645769737,1.0,SESSION_BREADTH_TSMOM,2,2025-03-07 07:35:00+00:00,88463.14583333333,295.69985053162304,2025-03-07 08:00:00+00:00,88308.8,SESSION_END,-0.0007638138107510795,-0.0027638138107510795,25.0
BTCUSDT,ASIA,2025-03-11 00:00:00+00:00,2025-03-11 08:00:00+00:00,2025-03-11 00:30:00+00:00,-0.01655894654044021,0.01655894654044021,0.02510188652348668,1022534457.3422,-1.0,2025-03-11 07:35:00+00:00,-0.0012461229657229067,0.503012048192727,-0.13131769861425824,80428.1,80228.9,80309.2,181.6999999999995,5,0.0018935454463410162,437611147.5347,0.006204274278911553,1.0,SESSION_BREADTH_TSMOM,2,2025-03-11 07:35:00+00:00,80446.27,70.7623650827935,2025-03-11 07:55:00+00:00,80446.27,CONFIRMATION_LEG_INVALIDATED,-0.0017067783018633875,-0.0037067783018633876,20.0
SOLUSDT,EUROPE,2025-03-11 08:00:00+00:00,2025-03-11 16:00:00+00:00,2025-03-11 08:30:00+00:00,0.0070708712613782865,0.0070708712613782865,0.011947334200260068,64654498.73,1.0,2025-03-11 15:35:00+00:00,0.006829823562891413,0.6829268292682933,0.07640243159032001,124.09,122.86,123.83,1.2475000000000012,5,0.004233680977474674,82361286.97279999,0.010766831555475715,1.0,SESSION_BREADTH_TSMOM,2,2025-03-11 15:35:00+00:00,122.73525,3.706533162465929,2025-03-11 16:00:00+00:00,124.94,SESSION_END,0.00896390212387943,0.00696390212387943,25.0
XRPUSDT,AMERICA,2025-03-16 16:00:00+00:00,2025-03-17 00:00:00+00:00,2025-03-16 16:30:00+00:00,0.017302998605299713,0.017302998605299713,0.026324965132496516,127030156.29272,1.0,2025-03-16 23:35:00+00:00,0.0024855012427507095,0.5700000000000159,0.08500030497797795,2.3011,2.2911,2.299,0.00836666666666667,5,0.005862721284971895,127391998.20638599,0.01994743283977028,1.0,SESSION_BREADTH_TSMOM,2,2025-03-16 23:35:00+00:00,2.2902633333333333,7.789918487597679,2025-03-17 00:00:00+00:00,2.2928,SESSION_END,-0.0026968247063939854,-0.0046968247063939855,25.0
XRPUSDT,AMERICA,2025-03-19 16:00:00+00:00,2025-03-20 00:00:00+00:00,2025-03-19 16:30:00+00:00,-0.00998668442077233,0.00998668442077233,0.023067282838568164,187913202.93598998,-1.0,2025-03-19 23:35:00+00:00,-0.003370038010893861,0.8958333333333429,-0.08035141962392589,2.5528,2.5432,2.5433,0.013599999999999982,5,0.005862721284971895,123119265.615062,0.019864796739285193,1.0,SESSION_BREADTH_TSMOM,2,2025-03-19 23:35:00+00:00,2.55416,5.199760643381839,2025-03-19 23:50:00+00:00,2.55416,CONFIRMATION_LEG_INVALIDATED,-0.0042700428577044924,-0.0062700428577044925,15.0
BTCUSDT,ASIA,2025-03-31 00:00:00+00:00,2025-03-31 08:00:00+00:00,2025-03-31 00:30:00+00:00,-0.004878990590518217,0.004878990590518217,0.006043488344701014,277572571.336,-1.0,2025-03-31 07:35:00+00:00,-0.0015317054491397197,0.6627968337731178,-0.3263084048286211,82026.3,81836.8,81874.5,135.31666666666692,5,0.0017157225451859826,388346266.03603,0.006013364200686455,1.0,SESSION_BREADTH_TSMOM,2,2025-03-31 07:35:00+00:00,82039.83166666667,5.715879955890653,2025-03-31 08:00:00+00:00,81895.2,SESSION_END,-0.00025282597145626085,-0.002252825971456261,25.0
SOLUSDT,EUROPE,2025-04-02 08:00:00+00:00,2025-04-02 16:00:00+00:00,2025-04-02 08:30:00+00:00,0.00835609834484985,0.00835609834484985,0.011248593925759212,68781723.21000001,1.0,2025-04-02 15:35:00+00:00,0.005431830526887449,0.538461538461525,0.022867309738561215,130.15,128.85,129.57,0.6975000000000028,5,0.0038345958577238326,77319571.35,0.010766831555475715,1.0,SESSION_BREADTH_TSMOM,2,2025-04-02 15:35:00+00:00,128.78025,4.553278974525659,2025-04-02 16:00:00+00:00,130.35,SESSION_END,0.0060199120166706255,0.0040199120166706254,25.0
BTCUSDT,EUROPE,2025-04-07 08:00:00+00:00,2025-04-07 16:00:00+00:00,2025-04-07 08:30:00+00:00,0.015338800092163263,0.015338800092163263,0.01846596016999604,1295766172.9902,1.0,2025-04-07 15:35:00+00:00,0.0038340657381987775,0.6348195329087049,0.04992428065346011,78450.0,77979.0,78284.1,859.0916666666659,5,0.0016765161078717838,345983068.23352003,0.005329804905263249,1.0,SESSION_BREADTH_TSMOM,2,2025-04-07 15:35:00+00:00,77893.09083333334,68.53074372710017,2025-04-07 16:00:00+00:00,78444.6,SESSION_END,0.0020502247582843136,5.022475828431357e-05,25.0
SOLUSDT,AMERICA,2025-04-07 16:00:00+00:00,2025-04-08 00:00:00+00:00,2025-04-07 16:30:00+00:00,-0.007597786323984668,0.007597786323984668,0.020073163868305044,122152894.561,-1.0,2025-04-07 23:35:00+00:00,-0.0040835266821345195,0.5789473684210458,-0.05867153656387436,107.9,107.14,107.31,0.451666666666668,5,0.004708128353143937,119401232.33229999,0.014537974053364548,0.75,SESSION_BREADTH_TSMOM,2,2025-04-07 23:35:00+00:00,107.94516666666667,3.8993190431766642,2025-04-08 00:00:00+00:00,106.91,SESSION_END,0.0037275184046221543,0.0017275184046221543,25.0
BTCUSDT,AMERICA,2025-04-09 16:00:00+00:00,2025-04-10 00:00:00+00:00,2025-04-09 16:30:00+00:00,0.00410681340022645,0.00410681340022645,0.009267519016022048,501105701.2914,1.0,2025-04-09 23:35:00+00:00,0.0010019337684310514,0.5883605393896211,0.010435925154917092,82823.0,82682.1,82822.9,163.875,5,0.002847541356247818,843229062.46803,0.00861085408530946,1.0,SESSION_BREADTH_TSMOM,2,2025-04-09 23:35:00+00:00,82665.71250000001,3.10443221614807,2025-04-09 23:40:00+00:00,82665.71250000001,CONFIRMATION_LEG_INVALIDATED,-0.0018978748631113262,-0.0038978748631113263,5.0
ETHUSDT,ASIA,2025-04-10 00:00:00+00:00,2025-04-10 08:00:00+00:00,2025-04-10 00:30:00+00:00,-0.009965841673158837,0.009965841673158837,0.01067297896566186,230215715.60243,-1.0,2025-04-10 07:35:00+00:00,-0.012166221940251076,0.7749603803486504,-0.25484613540429457,1607.74,1582.5,1588.17,4.96333333333331,5,0.0027023943339766765,207769712.61508298,0.009281613737476133,1.0,SESSION_BREADTH_TSMOM,2,2025-04-10 07:35:00+00:00,1608.2363333333333,8.481202249961333,2025-04-10 08:00:00+00:00,1595.03,SESSION_END,-0.004319436836106805,-0.006319436836106805,25.0
BTCUSDT,ASIA,2025-04-21 00:00:00+00:00,2025-04-21 08:00:00+00:00,2025-04-21 00:30:00+00:00,0.012258791222343968,0.012258791222343968,0.014468122092251639,1367184320.2092001,1.0,2025-04-21 07:35:00+00:00,0.0013837004889305504,0.8017241379310769,0.3923914808294644,87525.2,87374.4,87495.3,78.69999999999952,5,0.0016529195528241503,344838286.99114,0.005696942310696113,1.0,SESSION_BREADTH_TSMOM,2,2025-04-21 07:35:00+00:00,87366.53,58.808149962276815,2025-04-21 08:00:00+00:00,87400.6,SESSION_END,-0.0010823438516125439,-0.003082343851612544,25.0
SOLUSDT,EUROPE,2025-04-23 08:00:00+00:00,2025-04-23 16:00:00+00:00,2025-04-23 08:30:00+00:00,0.0054121840142566935,0.0054121840142566935,0.012474424130420344,114172542.16218,1.0,2025-04-23 15:35:00+00:00,0.004282655246252709,0.5925925925925994,0.1615523804960446,150.27,149.19,150.08,0.9358333333333301,5,0.0031672720402760035,83464261.3526,0.011009038796048766,1.0,SESSION_BREADTH_TSMOM,2,2025-04-23 15:35:00+00:00,149.09641666666667,4.674964310470763,2025-04-23 16:00:00+00:00,151.35,SESSION_END,0.008462153518123516,0.006462153518123516,25.0
SOLUSDT,AMERICA,2025-04-25 16:00:00+00:00,2025-04-26 00:00:00+00:00,2025-04-25 16:30:00+00:00,-0.004972520282648496,0.004972520282648496,0.01053389165140006,155652745.37388,-1.0,2025-04-25 23:35:00+00:00,-0.0011943467586756906,0.5,-0.26548296030692287,150.71,150.35,150.53,0.3166666666666676,5,0.004780190604406209,120337653.7756,0.014462983324140134,0.75,SESSION_BREADTH_TSMOM,2,2025-04-25 23:35:00+00:00,150.74166666666667,2.3546406825432094,2025-04-25 23:40:00+00:00,150.74166666666667,CONFIRMATION_LEG_INVALIDATED,-0.0014061427400962057,-0.0034061427400962057,5.0
ETHUSDT,EUROPE,2025-05-02 08:00:00+00:00,2025-05-02 16:00:00+00:00,2025-05-02 08:30:00+00:00,0.003046345212059709,0.003046345212059709,0.005784199769733761,270878449.78022003,1.0,2025-05-02 15:35:00+00:00,0.0019181725047410225,0.5799011532125237,0.34691923232824684,1839.25,1833.18,1838.6,5.823333333333305,5,0.0022047079339686526,220518768.044301,0.008092155536983812,1.0,SESSION_BREADTH_TSMOM,2,2025-05-02 15:35:00+00:00,1832.5976666666668,3.394587006377585,2025-05-02 16:00:00+00:00,1840.21,SESSION_END,0.0008756662678124361,-0.001124333732187564,25.0
ETHUSDT,ASIA,2025-05-09 00:00:00+00:00,2025-05-09 08:00:00+00:00,2025-05-09 00:30:00+00:00,-0.007278396396151576,0.007278396396151576,0.010999170643499059,390090504.20483005,-1.0,2025-05-09 07:35:00+00:00,-0.003837374992961773,0.5299043062200824,-0.0789201469289923,2310.33,2293.61,2300.01,13.909166666666655,5,0.002497292367831472,195506313.65946302,0.008713241707530859,1.0,SESSION_BREADTH_TSMOM,2,2025-05-09 07:35:00+00:00,2311.7209166666667,11.630567384164335,2025-05-09 07:45:00+00:00,2311.7209166666667,CONFIRMATION_LEG_INVALIDATED,-0.005091680760808126,-0.007091680760808126,10.0
ETHUSDT,ASIA,2025-05-10 00:00:00+00:00,2025-05-10 08:00:00+00:00,2025-05-10 00:30:00+00:00,0.0067823794634669365,0.0067823794634669365,0.017160699736809365,544516896.7896,1.0,2025-05-10 07:35:00+00:00,0.0018400668190161618,0.6625954198472627,0.2762561561709833,2363.13,2356.58,2362.95,7.954166666666576,5,0.002537739694796537,198897124.87635902,0.008855680065849546,0.75,SESSION_BREADTH_TSMOM,2,2025-05-10 07:35:00+00:00,2355.784583333333,12.804302198765399,2025-05-10 08:00:00+00:00,2399.17,SESSION_END,0.015328297255549295,0.013328297255549295,25.0
ETHUSDT,AMERICA,2025-05-13 16:00:00+00:00,2025-05-14 00:00:00+00:00,2025-05-13 16:30:00+00:00,0.00917001965004216,0.00917001965004216,0.014897383113440018,889718072.9725299,1.0,2025-05-13 23:35:00+00:00,0.0021219562487113652,0.5178408051235278,0.18255350549745697,2675.34,2664.41,2673.01,9.806666666666615,5,0.003563798657446826,410397884.842546,0.012371910602529115,1.0,SESSION_BREADTH_TSMOM,2,2025-05-13 23:35:00+00:00,2663.429333333333,11.156665207292482,2025-05-14 00:00:00+00:00,2678.59,SESSION_END,0.002087534277836589,8.753427783658903e-05,25.0
ETHUSDT,ASIA,2025-05-17 00:00:00+00:00,2025-05-17 08:00:00+00:00,2025-05-17 00:30:00+00:00,-0.014370728513907416,0.014370728513907416,0.016606788631192103,1103956096.75813,-1.0,2025-05-17 07:35:00+00:00,-0.001721410997859385,0.7292724196278353,-0.4414133439619139,2504.44,2498.53,2499.45,5.5216666666667225,5,0.0027023943339766765,222935826.714784,0.009676470355327952,1.0,SESSION_BREADTH_TSMOM,2,2025-05-17 07:35:00+00:00,2504.992166666667,52.6662012330676,2025-05-17 08:00:00+00:00,2491.49,SESSION_END,0.003184700634139559,0.001184700634139559,25.0
ETHUSDT,ASIA,2025-05-22 00:00:00+00:00,2025-05-22 08:00:00+00:00,2025-05-22 00:30:00+00:00,0.007497274787668706,0.007497274787668706,0.014684777238399328,552958150.09671,1.0,2025-05-22 07:35:00+00:00,0.0024089198862071726,0.6382978723404049,0.22585423141956462,2622.0,2612.13,2621.58,9.590833333333345,5,0.002711605509258641,230404031.96926698,0.010024889169345194,1.0,SESSION_BREADTH_TSMOM,2,2025-05-22 07:35:00+00:00,2611.170916666667,13.271166735770471,2025-05-22 08:00:00+00:00,2634.41,SESSION_END,0.004893995224254155,0.002893995224254155,25.0
XRPUSDT,EUROPE,2025-05-22 08:00:00+00:00,2025-05-22 16:00:00+00:00,2025-05-22 08:30:00+00:00,0.009814114026697851,0.009814114026697851,0.015968727907847036,84847093.5803,1.0,2025-05-22 15:35:00+00:00,0.001728110599078292,0.7924528301886634,0.029059688135979478,2.4348,2.4295,2.4346,0.006533333333333391,5,0.003312995265686347,45112045.112562,0.010700491892703418,0.75,SESSION_BREADTH_TSMOM,2,2025-05-22 15:35:00+00:00,2.428846666666667,9.750183457292117,2025-05-22 16:00:00+00:00,2.432,SESSION_END,-0.0010679372381500185,-0.0030679372381500186,25.0
SOLUSDT,EUROPE,2025-05-23 08:00:00+00:00,2025-05-23 16:00:00+00:00,2025-05-23 08:30:00+00:00,0.01276852257781691,0.01276852257781691,0.013809732573432761,160271594.18441,1.0,2025-05-23 15:35:00+00:00,0.004788639365918224,0.9255319148936241,0.17355662952155604,182.55,181.61,182.55,1.1116666666666621,5,0.002880375937302948,86743873.96575001,0.01077823327505056,1.0,SESSION_BREADTH_TSMOM,2,2025-05-23 15:35:00+00:00,181.49883333333335,16.38095484920293,2025-05-23 15:55:00+00:00,181.49883333333335,CONFIRMATION_LEG_INVALIDATED,-0.005758239751666228,-0.007758239751666228,20.0
ETHUSDT,ASIA,2025-06-01 00:00:00+00:00,2025-06-01 08:00:00+00:00,2025-06-01 00:30:00+00:00,-0.003988793389999468,0.003988793389999468,0.005421276730455632,273543623.39432997,-1.0,2025-06-01 07:35:00+00:00,-0.0010551757365324654,0.702917771883196,-0.27354676788980503,2511.86,2508.09,2508.78,3.3583333333332726,5,0.002711605509258641,259614399.806965,0.010733509736605003,1.0,SESSION_BREADTH_TSMOM,2,2025-06-01 07:35:00+00:00,2512.1958333333337,3.099865477097655,2025-06-01 08:00:00+00:00,2507.62,SESSION_END,0.00046237613501398656,-0.0015376238649860135,25.0
SOLUSDT,AMERICA,2025-06-01 16:00:00+00:00,2025-06-02 00:00:00+00:00,2025-06-01 16:30:00+00:00,0.009541117673784738,0.009541117673784738,0.012786395794119549,144022657.24996,1.0,2025-06-01 23:35:00+00:00,0.00165584002037944,0.5,0.4995645729248981,157.38,156.86,157.28,0.3791666666666676,5,0.004668606991086288,119550567.72870001,0.013595691546536543,1.0,SESSION_BREADTH_TSMOM,2,2025-06-01 23:35:00+00:00,156.82208333333335,4.924034741495265,2025-06-02 00:00:00+00:00,157.62,SESSION_END,0.002161749745676511,0.00016174974567651108,25.0
ETHUSDT,ASIA,2025-06-03 00:00:00+00:00,2025-06-03 08:00:00+00:00,2025-06-03 00:30:00+00:00,0.002919635218243677,0.002919635218243677,0.008590096259720879,542973130.3393,1.0,2025-06-03 07:35:00+00:00,0.0018128856693879758,0.7592295345104341,0.4654428843162566,2615.33,2609.1,2613.83,4.052500000000085,5,0.002782632693427489,260268832.37643102,0.01025525778560006,1.0,SESSION_BREADTH_TSMOM,2,2025-06-03 07:35:00+00:00,2608.69475,4.377829876661401,2025-06-03 07:55:00+00:00,2608.69475,CONFIRMATION_LEG_INVALIDATED,-0.001964645749723548,-0.003964645749723548,20.0
ETHUSDT,AMERICA,2025-06-05 16:00:00+00:00,2025-06-06 00:00:00+00:00,2025-06-05 16:30:00+00:00,-0.009554349295883502,0.009554349295883502,0.01338690671663401,675551915.43966,-1.0,2025-06-05 23:35:00+00:00,-0.0011236372799716676,0.5230769230769446,-0.017333981591448833,2422.76,2417.56,2417.99,7.759166666666677,5,0.0035538600925680286,413486223.070595,0.011903066863389893,1.0,SESSION_BREADTH_TSMOM,2,2025-06-05 23:35:00+00:00,2423.5359166666667,8.784731041153977,2025-06-05 23:40:00+00:00,2423.5359166666667,CONFIRMATION_LEG_INVALIDATED,-0.0022936061218892245,-0.004293606121889225,5.0
SOLUSDT,ASIA,2025-06-11 00:00:00+00:00,2025-06-11 08:00:00+00:00,2025-06-11 00:30:00+00:00,-0.003998545983278756,0.003998545983278756,0.008724100327153749,113062896.61950001,-1.0,2025-06-11 07:35:00+00:00,-0.0021007142428427494,0.6363636363636974,-0.17179786618288795,166.73,166.18,166.26,0.5249999999999986,5,0.003823234209731685,77652155.938254,0.010772478174583225,1.0,SESSION_BREADTH_TSMOM,2,2025-06-11 07:35:00+00:00,166.7825,3.045564324792516,2025-06-11 07:40:00+00:00,166.7825,CONFIRMATION_LEG_INVALIDATED,-0.0031426681101889287,-0.005142668110188929,5.0
BTCUSDT,ASIA,2025-06-13 00:00:00+00:00,2025-06-13 08:00:00+00:00,2025-06-13 00:30:00+00:00,-0.018382833346273997,0.018382833346273997,0.020462193706242058,3705937216.4138,-1.0,2025-06-13 07:35:00+00:00,-0.000867016146743449,0.6435152374202634,-0.10923950151277173,104777.3,104636.2,104636.2,224.55833333333672,5,0.0015795468772210608,386424722.40527,0.00553148577587339,1.0,SESSION_BREADTH_TSMOM,2,2025-06-13 07:35:00+00:00,104799.75583333334,223.22512781848812,2025-06-13 07:55:00+00:00,104799.75583333334,CONFIRMATION_LEG_INVALIDATED,-0.0015630903390351225,-0.0035630903390351226,20.0
ETHUSDT,ASIA,2025-06-17 00:00:00+00:00,2025-06-17 08:00:00+00:00,2025-06-17 00:30:00+00:00,0.010668040312845184,0.010668040312845184,0.018677917982312994,1496163387.96628,1.0,2025-06-17 07:35:00+00:00,0.0026583529887982404,0.6254578754578646,0.11267710533308062,2580.14,2569.22,2576.09,5.747499999999945,5,0.0025998216214660474,278283419.122096,0.009676470355327952,0.5,HIGH_ACTIVITY_SESSION_TSMOM,1,2025-06-17 07:35:00+00:00,2568.6452499999996,33.0920786903797,2025-06-17 08:00:00+00:00,2581.13,SESSION_END,0.0019564533847808985,-4.354661521910157e-05,25.0
ETHUSDT,ASIA,2025-06-22 00:00:00+00:00,2025-06-22 08:00:00+00:00,2025-06-22 00:30:00+00:00,-0.005077049123174082,0.005077049123174082,0.025807969877627776,1545455802.9498298,-1.0,2025-06-22 07:35:00+00:00,-0.002798703573931305,0.8974719101123554,-0.2366141500044454,2283.2,2276.08,2276.81,4.3749999999999245,5,0.002642527717943821,280823763.42282605,0.009676470355327952,0.25,HIGH_ACTIVITY_SESSION_TSMOM,1,2025-06-22 07:35:00+00:00,2283.6375,13.216746538167142,2025-06-22 08:00:00+00:00,2269.74,SESSION_END,0.0031052217795951575,0.0011052217795951575,25.0
ETHUSDT,AMERICA,2025-06-23 16:00:00+00:00,2025-06-24 00:00:00+00:00,2025-06-23 16:30:00+00:00,-0.016656579860802045,0.016656579860802045,0.01995407536624012,1098900367.0086298,-1.0,2025-06-23 23:35:00+00:00,-0.002372881355932166,0.7139303482586825,-0.09123685565224116,2421.14,2413.1,2413.26,14.52499999999994,5,0.003525411115674393,440080983.43590504,0.011652609427906857,1.0,SESSION_BREADTH_TSMOM,2,2025-06-23 23:35:00+00:00,2422.5924999999997,23.595640654108845,2025-06-23 23:45:00+00:00,2422.5924999999997,CONFIRMATION_LEG_INVALIDATED,-0.0038671755219079618,-0.005867175521907962,10.0
SOLUSDT,ASIA,2025-06-24 00:00:00+00:00,2025-06-24 08:00:00+00:00,2025-06-24 00:30:00+00:00,-0.006301502666020364,0.006301502666020364,0.008448168409389924,90565318.3655,-1.0,2025-06-24 07:35:00+00:00,-0.005973633617137986,0.7190082644627854,-0.3204261513992658,145.68,144.47,144.77,0.4866666666666693,5,0.0038875651390223864,84857244.20443998,0.011018194644468302,1.0,SESSION_BREADTH_TSMOM,2,2025-06-24 07:35:00+00:00,145.72866666666667,3.4599469140037553,2025-06-24 08:00:00+00:00,143.94,SESSION_END,0.0057332320232093,0.0037332320232093003,25.0
XRPUSDT,AMERICA,2025-07-12 16:00:00+00:00,2025-07-13 00:00:00+00:00,2025-07-12 16:30:00+00:00,0.01021930478890054,0.01021930478890054,0.020662389974638266,125354373.94691001,1.0,2025-07-12 23:35:00+00:00,0.0014995245409992197,0.5540540540540776,0.08251557416771793,2.7397,2.7323,2.7383,0.008566666666666575,5,0.0027330620211121204,48100849.840722,0.009290484721521261,1.0,SESSION_BREADTH_TSMOM,2,2025-07-12 23:35:00+00:00,2.7314433333333334,19.48895726479697,2025-07-12 23:40:00+00:00,2.7314433333333334,CONFIRMATION_LEG_INVALIDATED,-0.0025039866583890236,-0.004503986658389024,5.0
SOLUSDT,ASIA,2025-07-13 00:00:00+00:00,2025-07-13 08:00:00+00:00,2025-07-13 00:30:00+00:00,0.005353585657370541,0.005353585657370541,0.009960159362549766,71783836.82484001,1.0,2025-07-13 07:35:00+00:00,0.0013586117458161961,0.7857142857142785,0.4025068884060232,162.17,161.89,162.15,0.2108333333333358,5,0.0032284852142047127,79725436.58389999,0.009521439884503194,0.75,SESSION_BREADTH_TSMOM,2,2025-07-13 07:35:00+00:00,161.86891666666665,3.035621779950965,2025-07-13 08:00:00+00:00,162.57,SESSION_END,0.002590194264569856,0.0005901942645698561,25.0
XRPUSDT,EUROPE,2025-07-14 08:00:00+00:00,2025-07-14 16:00:00+00:00,2025-07-14 08:30:00+00:00,-0.005240735731674273,0.005240735731674273,0.01193535298890989,117614421.90145999,-1.0,2025-07-14 15:35:00+00:00,-0.0062508312275568745,0.7014925373134343,-0.30982650470090967,3.0124,2.9856,2.9888,0.020383333333333382,5,0.002625630049996608,39835300.704612,0.008185194882687295,1.0,SESSION_BREADTH_TSMOM,2,2025-07-14 15:35:00+00:00,3.014438333333333,11.786400668855636,2025-07-14 16:00:00+00:00,2.948,SESSION_END,0.013650963597430343,0.011650963597430343,25.0
ETHUSDT,AMERICA,2025-07-14 16:00:00+00:00,2025-07-15 00:00:00+00:00,2025-07-14 16:30:00+00:00,0.0037927598804383678,0.0037927598804383678,0.008741281966124115,657392375.5550101,1.0,2025-07-14 23:35:00+00:00,0.0011676685551182953,0.5670436187399334,0.30958385893756946,3011.1,3004.91,3009.5,4.131666666666699,5,0.00325081149564449,445740104.3726639,0.0100195459751349,1.0,SESSION_BREADTH_TSMOM,2,2025-07-14 23:35:00+00:00,3004.496833333333,3.441410739066887,2025-07-15 00:00:00+00:00,3012.26,SESSION_END,0.0009170958631001813,-0.0010829041368998187,25.0
XRPUSDT,ASIA,2025-07-17 00:00:00+00:00,2025-07-17 08:00:00+00:00,2025-07-17 00:30:00+00:00,0.0057567683147472515,0.0057567683147472515,0.011480640810552957,59093361.34861,1.0,2025-07-17 07:35:00+00:00,0.0030226860542810208,0.7307692307692413,0.0483101951733369,3.1548,3.1418,3.1524,0.014616666666666686,5,0.0023345310802377894,37500543.027023,0.00890436717013108,1.0,SESSION_BREADTH_TSMOM,2,2025-07-17 07:35:00+00:00,3.1403383333333332,7.77159614964516,2025-07-17 08:00:00+00:00,3.1572,SESSION_END,0.0015226494099733756,-0.00047735059002662443,25.0
ETHUSDT,AMERICA,2025-07-17 16:00:00+00:00,2025-07-18 00:00:00+00:00,2025-07-17 16:30:00+00:00,-0.009441354830032167,0.009441354830032167,0.01433892972637906,615039713.97284,-1.0,2025-07-17 23:35:00+00:00,-0.008936173848164808,0.9833907865872846,-0.3544912700754804,3511.91,3480.0,3480.19,16.9133333333333,5,0.00325081149564449,458352733.547941,0.0100195459751349,0.75,SESSION_BREADTH_TSMOM,2,2025-07-17 23:35:00+00:00,3513.601333333333,7.273597681089595,2025-07-18 00:00:00+00:00,3476.65,SESSION_END,0.0010171858433016823,-0.0009828141566983178,25.0
ETHUSDT,EUROPE,2025-07-18 08:00:00+00:00,2025-07-18 16:00:00+00:00,2025-07-18 08:30:00+00:00,0.005270147015200566,0.005270147015200566,0.006847587126536152,474592186.19984996,1.0,2025-07-18 15:35:00+00:00,0.003453227667576053,0.7922330097087331,0.04539212604214482,3559.96,3544.51,3556.75,23.112500000000068,5,0.001851851437474905,324324713.593289,0.007285738581573378,0.75,SESSION_BREADTH_TSMOM,2,2025-07-18 15:35:00+00:00,3542.19875,7.287778700537395,2025-07-18 15:40:00+00:00,3542.19875,CONFIRMATION_LEG_INVALIDATED,-0.004091164686862991,-0.0060911646868629914,5.0
SOLUSDT,AMERICA,2025-07-18 16:00:00+00:00,2025-07-19 00:00:00+00:00,2025-07-18 16:30:00+00:00,0.0060455392960054866,0.0060455392960054866,0.012486581162777602,128756539.53632002,1.0,2025-07-18 23:35:00+00:00,0.0009613209681067492,0.5312499999999722,0.4900690003525894,177.14,176.82,177.01,0.5599999999999975,5,0.00399657270959386,110106224.89656001,0.010995189879348367,0.75,SESSION_BREADTH_TSMOM,2,2025-07-18 23:35:00+00:00,176.76399999999998,3.095585487883309,2025-07-19 00:00:00+00:00,177.21,SESSION_END,0.0011298796678154144,-0.0008701203321845857,25.0
XRPUSDT,AMERICA,2025-07-19 16:00:00+00:00,2025-07-20 00:00:00+00:00,2025-07-19 16:30:00+00:00,0.006714361109482203,0.006714361109482203,0.009910279716179051,90056098.07241,1.0,2025-07-19 23:35:00+00:00,0.0020156578639869416,0.758241758241776,0.12784285464012868,3.4305,3.4214,3.4301,0.006633333333333195,5,0.002683523924105924,49927837.27531299,0.009605410848639103,1.0,SESSION_BREADTH_TSMOM,2,2025-07-19 23:35:00+00:00,3.420736666666667,9.02608856887009,2025-07-20 00:00:00+00:00,3.425,SESSION_END,-0.001486837118451434,-0.003486837118451434,25.0
ETHUSDT,EUROPE,2025-07-20 08:00:00+00:00,2025-07-20 16:00:00+00:00,2025-07-20 08:30:00+00:00,0.003484786100120818,0.003484786100120818,0.006170634541919716,342414694.03693,1.0,2025-07-20 15:35:00+00:00,0.004886362123370569,0.61024276687728,0.3028638746072483,3784.0,3753.93,3773.7,9.524999999999977,5,0.001851851437474905,326997523.180032,0.007161077980677063,1.0,SESSION_BREADTH_TSMOM,2,2025-07-20 15:35:00+00:00,3752.9775,3.9410133734025816,2025-07-20 16:00:00+00:00,3785.39,SESSION_END,0.003097755518456591,0.0010977555184565908,25.0
ETHUSDT,ASIA,2025-07-21 00:00:00+00:00,2025-07-21 08:00:00+00:00,2025-07-21 00:30:00+00:00,-0.007170472457717292,0.007170472457717292,0.0125729561623993,635961932.33329,-1.0,2025-07-21 07:35:00+00:00,-0.0025214839380419685,0.6722807017543808,-0.1829646948404836,3799.85,3785.6,3789.77,10.820000000000013,5,0.002532390056929068,336203894.925264,0.008713241707530859,1.0,SESSION_BREADTH_TSMOM,2,2025-07-21 07:35:00+00:00,3800.932,10.712122927706229,2025-07-21 08:00:00+00:00,3786.97,SESSION_END,0.0007388311164002737,-0.0012611688835997264,25.0
ETHUSDT,AMERICA,2025-07-22 16:00:00+00:00,2025-07-23 00:00:00+00:00,2025-07-22 16:30:00+00:00,0.003391845583607278,0.003391845583607278,0.010877576161861791,852171466.38632,1.0,2025-07-22 23:35:00+00:00,0.0017643332023449254,0.5684754521963684,0.06326010873935073,3748.0,3736.39,3747.39,7.01666666666669,5,0.00325081149564449,500174610.54781693,0.010166193615958816,1.0,SESSION_BREADTH_TSMOM,2,2025-07-22 23:35:00+00:00,3735.688333333333,3.555327622599858,2025-07-23 00:00:00+00:00,3746.01,SESSION_END,-0.0003682563063891475,-0.0023682563063891476,25.0
XRPUSDT,AMERICA,2025-07-24 16:00:00+00:00,2025-07-25 00:00:00+00:00,2025-07-24 16:30:00+00:00,-0.012188314104949916,0.012188314104949916,0.014359260637638012,118666461.66418001,-1.0,2025-07-24 23:35:00+00:00,-0.003279001655418279,0.757352941176478,-0.2640531738148223,3.1439,3.1303,3.1309,0.01263333333333331,5,0.002683523924105924,53975282.182019,0.010071223345833219,1.0,SESSION_BREADTH_TSMOM,2,2025-07-24 23:35:00+00:00,3.145163333333333,19.97106538709646,2025-07-24 23:50:00+00:00,3.145163333333333,CONFIRMATION_LEG_INVALIDATED,-0.004555665570070255,-0.006555665570070255,15.0
BTCUSDT,ASIA,2025-07-25 00:00:00+00:00,2025-07-25 08:00:00+00:00,2025-07-25 00:30:00+00:00,-0.00331461168068814,0.00331461168068814,0.004441461303324661,450546660.0439,-1.0,2025-07-25 07:35:00+00:00,-0.002380632902078128,0.8384146341463414,-0.28106368217464106,115568.0,115240.0,115240.5,216.31666666666692,5,0.0014079352067088435,386424722.40527,0.004431463632964597,1.0,SESSION_BREADTH_TSMOM,2,2025-07-25 07:35:00+00:00,115589.63166666667,5.489778905429792,2025-07-25 08:00:00+00:00,115288.8,SESSION_END,-0.00041912348523309717,-0.002419123485233097,25.0
ETHUSDT,EUROPE,2025-07-25 08:00:00+00:00,2025-07-25 16:00:00+00:00,2025-07-25 08:30:00+00:00,0.00924069320347698,0.00924069320347698,0.011727830599226571,870641407.5310501,1.0,2025-07-25 15:35:00+00:00,0.0008191584109427108,0.5155709342560812,0.30625772199188694,3642.7,3636.92,3640.86,17.796666666666663,5,0.0020244200182990557,348116316.91124195,0.007304206716310924,1.0,SESSION_BREADTH_TSMOM,2,2025-07-25 15:35:00+00:00,3635.1403333333333,22.832257957200436,2025-07-25 15:40:00+00:00,3635.1403333333333,CONFIRMATION_LEG_INVALIDATED,-0.001570965834079563,-0.003570965834079563,5.0
ETHUSDT,ASIA,2025-07-29 00:00:00+00:00,2025-07-29 08:00:00+00:00,2025-07-29 00:30:00+00:00,0.0031217152837601514,0.0031217152837601514,0.008872520738990313,496315861.7855,1.0,2025-07-29 07:35:00+00:00,0.0056413735518212604,0.783333333333332,0.2855357328395649,3860.0,3832.4,3854.02,9.547500000000014,5,0.002532390056929068,364004930.44055295,0.008817739247582094,1.0,SESSION_BREADTH_TSMOM,2,2025-07-29 07:35:00+00:00,3831.44525,3.36158096247273,2025-07-29 08:00:00+00:00,3876.56,SESSION_END,0.005848438773021325,0.003848438773021325,25.0
XRPUSDT,ASIA,2025-08-01 00:00:00+00:00,2025-08-01 08:00:00+00:00,2025-08-01 00:30:00+00:00,-0.006224341146867984,0.006224341146867984,0.01605747583101568,246509037.73315,-1.0,2025-08-01 07:35:00+00:00,-0.0022067560685791188,0.6074766355139927,-0.2580665393067,2.9496,2.9389,2.939,0.01285833333333338,5,0.0025182914914950727,50824676.511079,0.009779015850611403,0.75,SESSION_BREADTH_TSMOM,2,2025-08-01 07:35:00+00:00,2.9508858333333334,20.97894582634966,2025-08-01 07:45:00+00:00,2.9508858333333334,CONFIRMATION_LEG_INVALIDATED,-0.004044176023590751,-0.006044176023590751,10.0
BTCUSDT,ASIA,2025-08-03 00:00:00+00:00,2025-08-03 08:00:00+00:00,2025-08-03 00:30:00+00:00,-0.0015892090218720956,0.0015892090218720956,0.004470761398219517,222812645.74769998,-1.0,2025-08-03 07:35:00+00:00,-0.0003739067626096215,0.7841328413284554,-0.14504111546349652,113676.4,113622.2,113622.2,61.408333333336486,5,0.0014079352067088435,389100746.95444,0.004431463632964597,1.0,SESSION_BREADTH_TSMOM,2,2025-08-03 07:35:00+00:00,113682.54083333333,2.2775223702599354,2025-08-03 08:00:00+00:00,113647.2,SESSION_END,-0.0002200274242181166,-0.0022200274242181166,25.0
BTCUSDT,ASIA,2025-08-08 00:00:00+00:00,2025-08-08 08:00:00+00:00,2025-08-08 00:30:00+00:00,-0.002832569266367879,0.002832569266367879,0.005262310732678142,446781330.05200005,-1.0,2025-08-08 07:35:00+00:00,-0.0006064130964701375,1.0,-0.00622173945905069,116917.0,116846.1,116846.1,115.72500000000218,5,0.0014079352067088435,379599432.53565997,0.004358213756374725,1.0,SESSION_BREADTH_TSMOM,2,2025-08-08 07:35:00+00:00,116928.5725,4.858428628572039,2025-08-08 08:00:00+00:00,116772.0,SESSION_END,0.0006341675075163256,-0.0013658324924836745,25.0
XRPUSDT,EUROPE,2025-08-11 08:00:00+00:00,2025-08-11 16:00:00+00:00,2025-08-11 08:30:00+00:00,0.02154614388755305,0.02154614388755305,0.027217804081129345,166731251.12735003,1.0,2025-08-11 15:35:00+00:00,0.0054729028402478175,0.8969072164948343,0.17337370339182478,3.197,3.1776,3.1967,0.012541666666666748,5,0.0027053133624666548,42435554.302317,0.00808470362558119,1.0,SESSION_BREADTH_TSMOM,2,2025-08-11 15:35:00+00:00,3.1763458333333334,62.58483383006068,2025-08-11 16:00:00+00:00,3.2073,SESSION_END,0.003315919542027812,0.001315919542027812,25.0
SOLUSDT,AMERICA,2025-08-12 16:00:00+00:00,2025-08-13 00:00:00+00:00,2025-08-12 16:30:00+00:00,0.00600187214360437,0.00600187214360437,0.01112273553218425,158028820.69820002,1.0,2025-08-12 23:35:00+00:00,0.0011986658328122513,0.5609756097561466,0.018522017887859787,192.12,191.71,192.11,0.6049999999999992,5,0.004148906035229605,127822827.91033399,0.011440550977027921,0.5,HIGH_ACTIVITY_SESSION_TSMOM,1,2025-08-12 23:35:00+00:00,191.64950000000002,2.6827010375439166,2025-08-13 00:00:00+00:00,191.76,SESSION_END,-0.0018218728853262034,-0.0038218728853262034,25.0
BTCUSDT,EUROPE,2025-08-13 08:00:00+00:00,2025-08-13 16:00:00+00:00,2025-08-13 08:30:00+00:00,0.0019692103834438868,0.0019692103834438868,0.003690805527508272,456144550.4505,1.0,2025-08-13 15:35:00+00:00,0.0017577710235718857,0.5682488602842908,0.07637577126107797,120775.0,120402.1,120762.3,348.3166666666645,5,0.0011802467721667709,384209674.55349994,0.003634829243714434,0.5,HIGH_ACTIVITY_SESSION_TSMOM,1,2025-08-13 15:35:00+00:00,120367.26833333334,2.9712880010221694,2025-08-13 16:00:00+00:00,120897.2,SESSION_END,0.0011170704764649209,-0.0008829295235350792,25.0
BTCUSDT,AMERICA,2025-08-13 16:00:00+00:00,2025-08-14 00:00:00+00:00,2025-08-13 16:30:00+00:00,0.005066283531559357,0.005066283531559357,0.006878565526277189,574538508.3158001,1.0,2025-08-13 23:35:00+00:00,0.001018452973177153,0.7462863933451521,0.23879571940223587,123492.5,123324.2,123449.9,235.40833333333285,5,0.0014160947974751759,545602397.8658501,0.005037536093973074,1.0,SESSION_BREADTH_TSMOM,2,2025-08-13 23:35:00+00:00,123300.65916666666,9.770276792648673,2025-08-14 00:00:00+00:00,123323.9,SESSION_END,-0.0010206569628651296,-0.0030206569628651297,25.0
XRPUSDT,EUROPE,2025-08-14 08:00:00+00:00,2025-08-14 16:00:00+00:00,2025-08-14 08:30:00+00:00,-0.004576869912455872,0.004576869912455872,0.009399477806788431,81467398.89061,-1.0,2025-08-14 15:35:00+00:00,-0.0023901036788217533,0.5967741935483946,-0.09957119428501171,3.0998,3.0874,3.0887,0.013250000000000059,5,0.00277287226839118,44880339.08493799,0.008169364074608058,0.75,SESSION_BREADTH_TSMOM,2,2025-08-14 15:35:00+00:00,3.101125,5.243297185276198,2025-08-14 15:45:00+00:00,3.101125,CONFIRMATION_LEG_INVALIDATED,-0.004022728008547416,-0.006022728008547416,10.0
BTCUSDT,AMERICA,2025-08-14 16:00:00+00:00,2025-08-15 00:00:00+00:00,2025-08-14 16:30:00+00:00,-0.005017519010305005,0.005017519010305005,0.0071150619490141735,906252853.1317,-1.0,2025-08-14 23:35:00+00:00,-0.00030812634699750596,0.5199430199430415,-0.31461828712488593,118460.0,118389.8,118421.4,117.31666666666449,5,0.0014753651193902817,547892340.74202,0.005058589935348807,1.0,SESSION_BREADTH_TSMOM,2,2025-08-14 23:35:00+00:00,118471.73166666666,11.250547775404339,2025-08-15 00:00:00+00:00,118242.2,SESSION_END,0.0015132400056070416,-0.0004867599943929584,25.0
XRPUSDT,ASIA,2025-08-19 00:00:00+00:00,2025-08-19 08:00:00+00:00,2025-08-19 00:30:00+00:00,-0.007515111909818684,0.007515111909818684,0.009116157490606049,55952917.01138,-1.0,2025-08-19 07:35:00+00:00,-0.001600480144043237,0.6233766233766271,-0.1505797862779238,3.0,2.9923,2.9943,0.007599999999999903,5,0.002541999681613616,49485754.401003994,0.009268249585748503,1.0,SESSION_BREADTH_TSMOM,2,2025-08-19 07:35:00+00:00,3.00076,6.685478451010221,2025-08-19 07:40:00+00:00,3.00076,CONFIRMATION_LEG_INVALIDATED,-0.0021574324549977764,-0.004157432454997776,5.0
ETHUSDT,EUROPE,2025-08-22 08:00:00+00:00,2025-08-22 16:00:00+00:00,2025-08-22 08:30:00+00:00,0.005127138233934403,0.005127138233934403,0.005961627369394352,486604484.84103,1.0,2025-08-22 15:35:00+00:00,0.0025527819496953263,0.6129533678756381,0.11882958187158477,4652.17,4632.87,4645.99,31.4216666666667,5,0.002507263443694119,400536874.426338,0.006972992167026461,1.0,SESSION_BREADTH_TSMOM,2,2025-08-22 15:35:00+00:00,4629.727833333333,4.968652873712226,2025-08-22 16:00:00+00:00,4629.727833333333,CONFIRMATION_LEG_INVALIDATED,-0.003500258645986465,-0.005500258645986465,25.0
XRPUSDT,ASIA,2025-08-23 00:00:00+00:00,2025-08-23 08:00:00+00:00,2025-08-23 00:30:00+00:00,-0.004814887110416999,0.004814887110416999,0.006246340035135698,53746642.27937,-1.0,2025-08-23 07:35:00+00:00,-0.0015056297460067647,0.534883720930229,-0.1830241333200644,3.0568,3.0482,3.0506,0.008091666666666683,5,0.0025669344191112664,50824676.511079,0.009167492795113594,0.75,SESSION_BREADTH_TSMOM,2,2025-08-23 07:35:00+00:00,3.0576091666666665,3.4712516491627916,2025-08-23 07:40:00+00:00,3.0576091666666665,CONFIRMATION_LEG_INVALIDATED,-0.002297635437837231,-0.004297635437837231,5.0
BTCUSDT,AMERICA,2025-08-25 16:00:00+00:00,2025-08-26 00:00:00+00:00,2025-08-25 16:30:00+00:00,0.003909322271187898,0.003909322271187898,0.008461578246190945,575758071.4915,1.0,2025-08-25 23:35:00+00:00,0.0008199190273086021,0.5275175644028354,0.08501650611818312,110024.0,109853.2,109979.0,188.8000000000017,5,0.0013856519825154456,553183420.96488,0.005037536093973074,1.0,SESSION_BREADTH_TSMOM,2,2025-08-25 23:35:00+00:00,109834.31999999999,9.47786472410352,2025-08-26 00:00:00+00:00,110064.0,SESSION_END,0.000772874821556746,-0.001227125178443254,25.0
XRPUSDT,ASIA,2025-08-26 00:00:00+00:00,2025-08-26 08:00:00+00:00,2025-08-26 00:30:00+00:00,0.005425651078129423,0.005425651078129423,0.008436012321478503,55417035.80413,1.0,2025-08-26 07:35:00+00:00,0.007430596167739001,0.9310344827586287,0.08137956678666525,2.9291,2.9059,2.9285,0.007724999999999982,5,0.0026237237548438763,51935297.63143499,0.009167492795113594,0.75,SESSION_BREADTH_TSMOM,2,2025-08-26 07:35:00+00:00,2.9051275,3.861468261748156,2025-08-26 08:00:00+00:00,2.9157,SESSION_END,-0.004370838313129566,-0.006370838313129566,25.0
ETHUSDT,EUROPE,2025-08-26 08:00:00+00:00,2025-08-26 16:00:00+00:00,2025-08-26 08:30:00+00:00,-0.003891894333826418,0.003891894333826418,0.008700857210620722,383968916.37649,-1.0,2025-08-26 15:35:00+00:00,-0.003329658213892084,0.834715312327266,-0.21862269522169764,4535.52,4517.43,4519.9,20.990833333333512,5,0.002410439658981689,413088680.81968194,0.0069380149471686935,0.75,SESSION_BREADTH_TSMOM,2,2025-08-26 15:35:00+00:00,4537.619083333334,3.543477140565285,2025-08-26 16:00:00+00:00,4516.17,SESSION_END,0.0008252394964489707,-0.0011747605035510294,25.0
ETHUSDT,AMERICA,2025-08-29 16:00:00+00:00,2025-08-30 00:00:00+00:00,2025-08-29 16:30:00+00:00,0.004105352953721386,0.004105352953721386,0.013792687789182823,872825963.88605,1.0,2025-08-29 23:35:00+00:00,0.001194211854558258,0.7050067658998384,0.3026756794969161,4368.52,4361.13,4367.92,8.349166666666784,5,0.0036340584637500895,657076340.5463151,0.009832926737565655,0.75,SESSION_BREADTH_TSMOM,2,2025-08-29 23:35:00+00:00,4360.295083333333,2.7730821939852306,2025-08-29 23:55:00+00:00,4360.295083333333,CONFIRMATION_LEG_INVALIDATED,-0.0017456630768573067,-0.0037456630768573067,20.0
BTCUSDT,AMERICA,2025-09-02 16:00:00+00:00,2025-09-03 00:00:00+00:00,2025-09-02 16:30:00+00:00,-0.0031338596749342917,0.0031338596749342917,0.005946390420065393,486149074.94119996,-1.0,2025-09-02 23:35:00+00:00,-0.0005701577796811685,0.6236453201969296,-0.1913877261099235,111060.0,110958.5,110958.6,108.95833333333576,5,0.0013856519825154456,559963050.26018,0.005058589935348807,1.0,SESSION_BREADTH_TSMOM,2,2025-09-02 23:35:00+00:00,111070.89583333333,5.31715497870614,2025-09-02 23:40:00+00:00,111070.89583333333,CONFIRMATION_LEG_INVALIDATED,-0.0010120516420837333,-0.0030120516420837334,5.0
ETHUSDT,EUROPE,2025-09-05 08:00:00+00:00,2025-09-05 16:00:00+00:00,2025-09-05 08:30:00+00:00,-0.004865232163080324,0.004865232163080324,0.0076534541336353255,920993462.4630301,-1.0,2025-09-05 15:35:00+00:00,-0.003703505286229647,0.7571428571428398,-0.30853466830736676,4296.0,4275.0,4277.33,21.890833333333223,5,0.002740524077321005,435776794.6618149,0.007027986731549822,1.0,SESSION_BREADTH_TSMOM,2,2025-09-05 15:35:00+00:00,4298.189083333334,7.503992479103052,2025-09-05 15:45:00+00:00,4298.189083333334,CONFIRMATION_LEG_INVALIDATED,-0.004876659816599016,-0.006876659816599016,10.0
BTCUSDT,AMERICA,2025-09-06 16:00:00+00:00,2025-09-07 00:00:00+00:00,2025-09-06 16:30:00+00:00,-0.0015508836683156835,0.0015508836683156835,0.0046145813883083295,721807759.8652,-1.0,2025-09-06 23:35:00+00:00,-0.00018873197518898266,1.0,-0.44581649909443166,110209.2,110188.4,110188.4,44.958333333334544,5,0.0013856519825154456,553183420.96488,0.005037536093973074,0.5,HIGH_ACTIVITY_SESSION_TSMOM,1,2025-09-06 23:35:00+00:00,110213.69583333333,2.190628356967871,2025-09-07 00:00:00+00:00,110135.3,SESSION_END,0.00048190190618968565,-0.0015180980938103144,25.0
BTCUSDT,ASIA,2025-09-09 00:00:00+00:00,2025-09-09 08:00:00+00:00,2025-09-09 00:30:00+00:00,-0.003571916398765418,0.003571916398765418,0.0044718143567648505,387124618.9346,-1.0,2025-09-09 07:35:00+00:00,-0.0006608573652465699,0.7384007897334725,-0.3121448243460033,113212.8,113111.5,113111.5,186.10833333333358,5,0.0013350763805232146,341884799.87522995,0.003977093014816193,1.0,SESSION_BREADTH_TSMOM,2,2025-09-09 07:35:00+00:00,113231.41083333334,6.058933234691123,2025-09-09 07:40:00+00:00,113231.41083333334,CONFIRMATION_LEG_INVALIDATED,-0.001060111777611894,-0.003060111777611894,5.0
ETHUSDT,EUROPE,2025-09-15 08:00:00+00:00,2025-09-15 16:00:00+00:00,2025-09-15 08:30:00+00:00,-0.00814156441651026,0.00814156441651026,0.013891367460728526,1769948545.7400203,-1.0,2025-09-15 15:35:00+00:00,-0.00434832003813701,0.7144948755490719,-0.2142349434652071,4490.32,4463.0,4469.57,13.28666666666671,5,0.0023439836242650225,404148843.849268,0.006655627665516359,1.0,SESSION_BREADTH_TSMOM,2,2025-09-15 15:35:00+00:00,4491.648666666666,30.423038441887833,2025-09-15 15:55:00+00:00,4491.648666666666,CONFIRMATION_LEG_INVALIDATED,-0.004939774221382809,-0.006939774221382809,20.0
SOLUSDT,ASIA,2025-09-25 00:00:00+00:00,2025-09-25 08:00:00+00:00,2025-09-25 00:30:00+00:00,-0.004871358304956441,0.004871358304956441,0.0097900113507379,99365870.1205,-1.0,2025-09-25 07:35:00+00:00,-0.003027048139830124,0.8985507246376907,-0.3065552162522025,204.84,204.15,204.2,0.8099999999999999,5,0.0033650203299359083,106477467.210258,0.008765841207670821,1.0,SESSION_BREADTH_TSMOM,2,2025-09-25 07:35:00+00:00,204.921,3.23356781891388,2025-09-25 07:40:00+00:00,204.921,CONFIRMATION_LEG_INVALIDATED,-0.003530852105778637,-0.005530852105778637,5.0
ETHUSDT,EUROPE,2025-09-25 08:00:00+00:00,2025-09-25 16:00:00+00:00,2025-09-25 08:30:00+00:00,0.005902259579629421,0.005902259579629421,0.006925484284765931,450635595.35166997,1.0,2025-09-25 15:35:00+00:00,0.003001361519887391,0.790620871862609,0.17563143201093934,4001.62,3986.48,4000.16,12.52166666666661,5,0.0021219736826248448,399814253.085939,0.0065745429705520945,1.0,SESSION_BREADTH_TSMOM,2,2025-09-25 15:35:00+00:00,3985.2278333333334,6.2701153283660584,2025-09-25 16:00:00+00:00,4001.0,SESSION_END,0.0002099916003359681,-0.001790008399664032,25.0
XRPUSDT,AMERICA,2025-09-25 16:00:00+00:00,2025-09-26 00:00:00+00:00,2025-09-25 16:30:00+00:00,-0.009222614840989407,0.009222614840989407,0.012367491166077788,49367726.844859995,-1.0,2025-09-25 23:35:00+00:00,-0.004286700330584536,0.9516129032258116,-0.21134689887571634,2.7527,2.7403,2.7409,0.0066999999999999655,5,0.0025078957319338846,62350597.084644,0.0087955327656189,1.0,SESSION_BREADTH_TSMOM,2,2025-09-25 23:35:00+00:00,2.75337,10.341750337367095,2025-09-26 00:00:00+00:00,2.742,SESSION_END,-0.00040132803093873015,-0.00240132803093873,25.0
BTCUSDT,AMERICA,2025-09-26 16:00:00+00:00,2025-09-27 00:00:00+00:00,2025-09-26 16:30:00+00:00,0.004556966671560803,0.004556966671560803,0.005510387608280722,206745634.53820002,1.0,2025-09-26 23:35:00+00:00,0.0007524756815202593,0.7870105062083192,0.5765698272809183,109609.9,109505.2,109587.6,49.53333333333527,5,0.0013816063163399894,465881490.67691,0.004564461677727124,1.0,SESSION_BREADTH_TSMOM,2,2025-09-26 23:35:00+00:00,109500.24666666666,7.963685882868744,2025-09-27 00:00:00+00:00,109588.5,SESSION_END,8.212607995661259e-06,-0.0019917873920043388,25.0
SOLUSDT,ASIA,2025-09-30 00:00:00+00:00,2025-09-30 08:00:00+00:00,2025-09-30 00:30:00+00:00,-0.004656851215955604,0.004656851215955604,0.009972247048308973,141825790.06365,-1.0,2025-09-30 07:35:00+00:00,-0.003617841671823663,1.0,-0.39497439914680055,210.07,209.31,209.31,0.3741666666666698,5,0.003397984416572686,107428777.429832,0.008819393206247438,1.0,SESSION_BREADTH_TSMOM,2,2025-09-30 07:35:00+00:00,210.10741666666667,3.6185581298757685,2025-09-30 08:00:00+00:00,208.9,SESSION_END,0.0019588170655964188,-4.118293440358127e-05,25.0
SOLUSDT,ASIA,2025-10-02 00:00:00+00:00,2025-10-02 08:00:00+00:00,2025-10-02 00:30:00+00:00,-0.004911679884643028,0.004911679884643028,0.007390050468637286,222366103.5675,-1.0,2025-10-02 07:35:00+00:00,-0.0022769890168764517,0.7499999999999791,-0.2196276230960541,224.1,223.42,223.47,0.667500000000004,5,0.0034182280626132155,108291569.10513999,0.008919539635657283,0.25,HIGH_ACTIVITY_SESSION_TSMOM,1,2025-10-02 07:35:00+00:00,224.16675,3.688187330004458,2025-10-02 08:00:00+00:00,222.81,SESSION_END,0.0029534165659820255,0.0009534165659820255,25.0
XRPUSDT,AMERICA,2025-10-02 16:00:00+00:00,2025-10-03 00:00:00+00:00,2025-10-02 16:30:00+00:00,0.011535375150461435,0.011535375150461435,0.015146449110605897,142349567.65239,1.0,2025-10-02 23:35:00+00:00,0.0015508991915524906,0.7230769230769515,0.2172596173623238,3.0354,3.0289,3.0352,0.00630833333333336,5,0.002285648531685114,62350597.084644,0.008837423528779224,1.0,SESSION_BREADTH_TSMOM,2,2025-10-02 23:35:00+00:00,3.028269166666667,23.044527374586508,2025-10-03 00:00:00+00:00,3.0375,SESSION_END,0.0007577754348973009,-0.0012422245651026991,25.0
XRPUSDT,EUROPE,2025-10-03 08:00:00+00:00,2025-10-03 16:00:00+00:00,2025-10-03 08:30:00+00:00,0.002505852484420812,0.002505852484420812,0.009298031586930001,54876642.43246,1.0,2025-10-03 15:35:00+00:00,0.0035530990919856453,0.9818181818181436,0.3193964810574368,3.0506,3.0396,3.0504,0.00824999999999998,5,0.0023340042013604845,45192213.463682,0.006744677424302839,0.5,HIGH_ACTIVITY_SESSION_TSMOM,1,2025-10-03 15:35:00+00:00,3.0387750000000002,2.2201123890501173,2025-10-03 16:00:00+00:00,3.0676,SESSION_END,0.005638604773144706,0.0036386047731447064,25.0
SOLUSDT,ASIA,2025-10-07 00:00:00+00:00,2025-10-07 08:00:00+00:00,2025-10-07 00:30:00+00:00,-0.004563654367761627,0.004563654367761627,0.007491281698023768,122428912.5573,-1.0,2025-10-07 07:35:00+00:00,-0.00077996360169863,0.5294117647058971,-0.2281411431458431,230.83,230.49,230.6,0.7633333333333402,5,0.003442515457177109,110498679.76724198,0.009041488477387994,0.75,SESSION_BREADTH_TSMOM,2,2025-10-07 07:35:00+00:00,230.90633333333335,2.5704064240302134,2025-10-07 07:55:00+00:00,230.90633333333335,CONFIRMATION_LEG_INVALIDATED,-0.0013284186180977375,-0.0033284186180977376,20.0
SOLUSDT,EUROPE,2025-10-07 08:00:00+00:00,2025-10-07 16:00:00+00:00,2025-10-07 08:30:00+00:00,-0.007623007623007605,0.007623007623007605,0.01208419958419955,274631154.07809,-1.0,2025-10-07 15:35:00+00:00,-0.001520844516013642,0.539682539682549,-0.25367241111785876,223.64,223.01,223.22,1.2066666666666659,5,0.0031652642832919464,103048323.17764199,0.007657213436386275,1.0,SESSION_BREADTH_TSMOM,2,2025-10-07 15:35:00+00:00,223.76066666666665,12.836754786458664,2025-10-07 16:00:00+00:00,223.65,SESSION_END,-0.0019263506854225732,-0.003926350685422573,25.0
BTCUSDT,AMERICA,2025-10-07 16:00:00+00:00,2025-10-08 00:00:00+00:00,2025-10-07 16:30:00+00:00,-0.005732082418493656,0.005732082418493656,0.009093656035642205,1419579184.4263,-1.0,2025-10-07 23:35:00+00:00,-0.0009760365351771938,0.8576589595375873,-0.4213835123890969,121614.4,121476.0,121495.6,120.30000000000412,5,0.0013001411450519473,461167842.84444,0.004564461677727124,1.0,SESSION_BREADTH_TSMOM,2,2025-10-07 23:35:00+00:00,121626.43,27.142667441372463,2025-10-08 00:00:00+00:00,121286.5,SESSION_END,0.0017210499804108936,-0.0002789500195891064,25.0
BTCUSDT,EUROPE,2025-10-09 08:00:00+00:00,2025-10-09 16:00:00+00:00,2025-10-09 08:30:00+00:00,-0.0058417140071466145,0.0058417140071466145,0.0063497248206368685,530615161.09519994,-1.0,2025-10-09 15:35:00+00:00,-0.001183653024349196,0.8498516320474605,-0.39695722251756416,120981.5,120813.0,120838.2,348.03333333333404,5,0.0011563937432914617,294290174.3180599,0.003343403096743614,1.0,SESSION_BREADTH_TSMOM,2,2025-10-09 15:35:00+00:00,121016.30333333333,19.188044546042786,2025-10-09 15:50:00+00:00,121016.30333333333,CONFIRMATION_LEG_INVALIDATED,-0.0014738992581264654,-0.0034738992581264654,15.0
ETHUSDT,AMERICA,2025-10-10 16:00:00+00:00,2025-10-11 00:00:00+00:00,2025-10-10 16:30:00+00:00,0.0033752063777743313,0.0033752063777743313,0.010898697472741076,1216267515.71877,1.0,2025-10-10 23:35:00+00:00,0.00371056072709397,0.5317254174397209,0.1633174178641621,3884.96,3858.01,3876.28,32.606666666666605,5,0.002904200284384151,654804122.7308741,0.008839016981640769,1.0,SESSION_BREADTH_TSMOM,2,2025-10-10 23:35:00+00:00,3854.7493333333337,4.317391852619247,2025-10-10 23:50:00+00:00,3854.7493333333337,CONFIRMATION_LEG_INVALIDATED,-0.005554466309623307,-0.007554466309623307,15.0
XRPUSDT,AMERICA,2025-10-11 16:00:00+00:00,2025-10-12 00:00:00+00:00,2025-10-11 16:30:00+00:00,-0.0028255429078871686,0.0028255429078871686,0.009727940582869053,41165164.42538001,-1.0,2025-10-11 23:35:00+00:00,-0.0028362877997915037,0.7157894736842538,-0.164002123181054,2.3991,2.3896,2.3907,0.009408333333333352,5,0.0024319668762936564,64998958.934972994,0.008837423528779224,0.5,HIGH_ACTIVITY_SESSION_TSMOM,1,2025-10-11 23:35:00+00:00,2.400040833333333,1.918362829210213,2025-10-12 00:00:00+00:00,2.3806,SESSION_END,0.004224704061571938,0.0022247040615719377,25.0
BTCUSDT,ASIA,2025-10-12 00:00:00+00:00,2025-10-12 08:00:00+00:00,2025-10-12 00:30:00+00:00,-0.006404465219919553,0.006404465219919553,0.00695520220367132,380671122.4076,-1.0,2025-10-12 07:35:00+00:00,-0.0007861543605570676,0.7922312556458844,-0.21793230587855728,111555.7,111445.0,111468.0,159.5083333333338,5,0.0012699954628216936,295175335.41476,0.0038256082336917663,1.0,SESSION_BREADTH_TSMOM,2,2025-10-12 07:35:00+00:00,111571.65083333333,18.336648701732656,2025-10-12 07:45:00+00:00,111571.65083333333,CONFIRMATION_LEG_INVALIDATED,-0.0009298707551343988,-0.002929870755134399,10.0
XRPUSDT,EUROPE,2025-10-14 08:00:00+00:00,2025-10-14 16:00:00+00:00,2025-10-14 08:30:00+00:00,0.004568258759228172,0.004568258759228172,0.011461434922706607,153257690.63322,1.0,2025-10-14 15:35:00+00:00,0.0028164414874076726,0.7187500000000029,0.16454613121111628,2.4587,2.4491,2.4568,0.012600000000000056,5,0.002404756521033613,50277844.823841,0.006939102859281269,1.0,SESSION_BREADTH_TSMOM,2,2025-10-14 15:35:00+00:00,2.4478400000000002,11.58124379667823,2025-10-14 16:00:00+00:00,2.4957,SESSION_END,0.015833604689026393,0.013833604689026393,25.0
ETHUSDT,AMERICA,2025-10-14 16:00:00+00:00,2025-10-15 00:00:00+00:00,2025-10-14 16:30:00+00:00,0.011424722953529587,0.011424722953529587,0.026464213555378667,1768830622.4854002,1.0,2025-10-14 23:35:00+00:00,0.0010445960290843548,0.7435456110156622,0.25473389429118365,4140.74,4134.93,4139.89,10.634166666666639,5,0.002904200284384151,659721648.350127,0.009069525821710346,0.75,SESSION_BREADTH_TSMOM,2,2025-10-14 23:35:00+00:00,4133.866583333333,20.087762881565276,2025-10-14 23:45:00+00:00,4133.866583333333,CONFIRMATION_LEG_INVALIDATED,-0.0014549702206259063,-0.0034549702206259063,10.0
BTCUSDT,AMERICA,2025-10-16 16:00:00+00:00,2025-10-17 00:00:00+00:00,2025-10-16 16:30:00+00:00,-0.003599022437655419,0.003599022437655419,0.008399255489108495,1302252160.807,-1.0,2025-10-16 23:35:00+00:00,-0.0006549647529194846,0.7205284552845777,-0.009967199887627287,108250.1,108151.7,108179.2,165.53333333333285,5,0.0013001411450519473,470683706.9627899,0.004964636933319276,0.5,HIGH_ACTIVITY_SESSION_TSMOM,1,2025-10-16 23:35:00+00:00,108266.65333333334,11.488180020545158,2025-10-17 00:00:00+00:00,108129.4,SESSION_END,0.0004603472756316007,-0.0015396527243683993,25.0
BTCUSDT,EUROPE,2025-10-17 08:00:00+00:00,2025-10-17 16:00:00+00:00,2025-10-17 08:30:00+00:00,-0.0042262472496715775,0.0042262472496715775,0.011682324871682857,1909798317.1081002,-1.0,2025-10-17 15:35:00+00:00,-0.001372950239983406,0.6494201605709532,-0.32460648151252225,106124.2,105900.0,105903.4,439.40833333333165,5,0.0012543017695368919,323433416.7463,0.0033993510704201663,1.0,SESSION_BREADTH_TSMOM,2,2025-10-17 15:35:00+00:00,106168.14083333332,39.79105733902588,2025-10-17 15:50:00+00:00,106168.14083333332,CONFIRMATION_LEG_INVALIDATED,-0.0024998331813079755,-0.0044998331813079755,15.0
BTCUSDT,ASIA,2025-10-18 00:00:00+00:00,2025-10-18 08:00:00+00:00,2025-10-18 00:30:00+00:00,0.0029160027637162855,0.0029160027637162855,0.004857184487466895,229379273.1352,1.0,2025-10-18 07:35:00+00:00,0.0007446670347956985,0.5557880055788028,0.15991462270396894,107107.5,106964.1,107107.4,151.03333333333407,5,0.0013019493852004516,303437391.62849003,0.0038210552030913075,1.0,SESSION_BREADTH_TSMOM,2,2025-10-18 07:35:00+00:00,106948.99666666667,5.6941003068067575,2025-10-18 07:55:00+00:00,106948.99666666667,CONFIRMATION_LEG_INVALIDATED,-0.0014789205352134793,-0.0034789205352134794,20.0
SOLUSDT,EUROPE,2025-10-19 08:00:00+00:00,2025-10-19 16:00:00+00:00,2025-10-19 08:30:00+00:00,-0.0034441933053491747,0.0034441933053491747,0.022225809923582092,185930752.9146,-1.0,2025-10-19 15:35:00+00:00,-0.0011025358324145973,0.5250000000000125,-0.3003106367441265,190.55,190.15,190.26,0.5349999999999989,5,0.0031912870012054118,119823694.50763999,0.00810434423254774,0.75,SESSION_BREADTH_TSMOM,2,2025-10-19 15:35:00+00:00,190.60350000000003,5.17963814066848,2025-10-19 15:55:00+00:00,190.60350000000003,CONFIRMATION_LEG_INVALIDATED,-0.001805424156417823,-0.003805424156417823,20.0
BTCUSDT,ASIA,2025-10-20 00:00:00+00:00,2025-10-20 08:00:00+00:00,2025-10-20 00:30:00+00:00,-0.008952334642891913,0.008952334642891913,0.010643157233607927,664596949.6092,-1.0,2025-10-20 07:35:00+00:00,-0.00043577291289487174,0.5294759825327174,-0.32857030462900594,111296.5,111204.9,111248.0,164.83333333333334,5,0.0013235528661116325,303437391.62849003,0.0038256082336917663,1.0,SESSION_BREADTH_TSMOM,2,2025-10-20 07:35:00+00:00,111312.98333333334,37.63526648070918,2025-10-20 08:00:00+00:00,111126.2,SESSION_END,0.0010948511433913621,-0.0009051488566086379,25.0
BTCUSDT,AMERICA,2025-10-20 16:00:00+00:00,2025-10-21 00:00:00+00:00,2025-10-20 16:30:00+00:00,-0.0013539888656021182,0.0013539888656021182,0.006796952084638709,674560041.2934,-1.0,2025-10-20 23:35:00+00:00,-0.0009276806538387472,0.6690553745928149,-0.2551292259677507,110706.2,110552.7,110603.5,108.34166666666715,5,0.001282862657427497,488089095.94549996,0.005003833102796607,1.0,SESSION_BREADTH_TSMOM,2,2025-10-20 23:35:00+00:00,110717.03416666666,2.917335864402252,2025-10-21 00:00:00+00:00,110469.9,SESSION_END,0.001207918375096706,-0.0007920816249032941,25.0
BTCUSDT,EUROPE,2025-10-23 08:00:00+00:00,2025-10-23 16:00:00+00:00,2025-10-23 08:30:00+00:00,0.004639810452573778,0.004639810452573778,0.006069838851729309,320358760.4692,1.0,2025-10-23 15:35:00+00:00,0.002531790927658095,0.838261919130983,0.31508834646327544,110056.0,109724.6,110002.5,278.9583333333321,5,0.0011779319649223852,323433416.7463,0.0034112767185617335,1.0,SESSION_BREADTH_TSMOM,2,2025-10-23 15:35:00+00:00,109696.70416666668,14.017489462953398,2025-10-23 15:45:00+00:00,109696.70416666668,CONFIRMATION_LEG_INVALIDATED,-0.0027798989416906172,-0.004779898941690617,10.0
BTCUSDT,EUROPE,2025-10-24 08:00:00+00:00,2025-10-24 16:00:00+00:00,2025-10-24 08:30:00+00:00,-0.0021853158664200123,0.0021853158664200123,0.003917534502498419,263694982.51639998,-1.0,2025-10-24 15:35:00+00:00,-0.0022082304303381317,0.8634594977007723,-0.2926131551413844,110579.5,110296.8,110296.9,254.5499999999944,5,0.0011779319649223852,323433416.7463,0.003444592071197849,0.5,HIGH_ACTIVITY_SESSION_TSMOM,1,2025-10-24 15:35:00+00:00,110604.955,3.164902266147307,2025-10-24 16:00:00+00:00,110009.8,SESSION_END,0.0026029743356340562,0.0006029743356340562,25.0
XRPUSDT,AMERICA,2025-10-27 16:00:00+00:00,2025-10-28 00:00:00+00:00,2025-10-27 16:30:00+00:00,0.0026314800195481602,0.0026314800195481602,0.010262772076237691,86767441.75161,1.0,2025-10-27 23:35:00+00:00,0.0016291581420018186,0.6056338028168758,0.09143007300607309,2.6456,2.6385,2.6437,0.006766666666666661,5,0.0025589881004274284,72620262.268339,0.0090996010698382,1.0,SESSION_BREADTH_TSMOM,2,2025-10-27 23:35:00+00:00,2.6378233333333334,2.4573147414671666,2025-10-27 23:45:00+00:00,2.6378233333333334,CONFIRMATION_LEG_INVALIDATED,-0.002222894680435239,-0.004222894680435239,10.0
BTCUSDT,AMERICA,2025-10-28 16:00:00+00:00,2025-10-29 00:00:00+00:00,2025-10-28 16:30:00+00:00,0.003911960807075454,0.003911960807075454,0.005577293520127571,358272337.34889996,1.0,2025-10-28 23:35:00+00:00,0.0006486940601069247,0.6709440879926943,0.26545578804262826,112916.7,112807.6,112915.3,120.35833333333115,5,0.001315331523588703,488089095.94549996,0.005040843313519112,0.75,SESSION_BREADTH_TSMOM,2,2025-10-28 23:35:00+00:00,112795.56416666668,5.7586093465227215,2025-10-29 00:00:00+00:00,112833.5,SESSION_END,-0.0007244368123717759,-0.002724436812371776,25.0
BTCUSDT,AMERICA,2025-10-29 16:00:00+00:00,2025-10-30 00:00:00+00:00,2025-10-29 16:30:00+00:00,-0.003336602048973236,0.003336602048973236,0.0053139806227666155,1189146281.7815,-1.0,2025-10-29 23:35:00+00:00,-0.0013611627572104323,0.9703034215622623,-0.05102563288184847,110420.3,110265.4,110270.0,158.2416666666662,5,0.001315331523588703,488089095.94549996,0.005060001105327453,0.5,HIGH_ACTIVITY_SESSION_TSMOM,1,2025-10-29 23:35:00+00:00,110436.12416666668,9.270360420341838,2025-10-30 00:00:00+00:00,109985.6,SESSION_END,0.002579123968441066,0.000579123968441066,25.0
BTCUSDT,EUROPE,2025-10-30 08:00:00+00:00,2025-10-30 16:00:00+00:00,2025-10-30 08:30:00+00:00,-0.006213077287950508,0.006213077287950508,0.007235414181196135,745130443.2779,-1.0,2025-10-30 15:35:00+00:00,-0.0016426301002921972,0.7812086457873557,-0.36234160764792134,107830.0,107603.3,107637.8,249.68333333332944,5,0.001276341156801808,323433416.7463,0.0034882481674281306,1.0,SESSION_BREADTH_TSMOM,2,2025-10-30 15:35:00+00:00,107854.96833333334,22.42938660922717,2025-10-30 16:00:00+00:00,107670.6,SESSION_END,-0.00030472566328931805,-0.002304725663289318,25.0
BTCUSDT,AMERICA,2025-10-30 16:00:00+00:00,2025-10-31 00:00:00+00:00,2025-10-30 16:30:00+00:00,0.0040001671767104785,0.0040001671767104785,0.0062031847163335745,380965208.24880004,1.0,2025-10-30 23:35:00+00:00,0.0029379528144157785,0.7856433184302279,0.5177659911051025,108048.9,107646.3,107976.3,161.56666666666692,5,0.001315331523588703,503915075.40558994,0.005180374621902787,1.0,SESSION_BREADTH_TSMOM,2,2025-10-30 23:35:00+00:00,107630.14333333334,7.283270760087638,2025-10-31 00:00:00+00:00,108263.5,SESSION_END,0.0026598429470170437,0.0006598429470170437,25.0
BTCUSDT,ASIA,2025-10-31 00:00:00+00:00,2025-10-31 08:00:00+00:00,2025-10-31 00:30:00+00:00,0.0018150144646953414,0.0018150144646953414,0.003752877236670389,346028058.91690004,1.0,2025-10-31 07:35:00+00:00,0.0005108058235512303,0.7216494845360284,0.1531458881194816,109708.3,109630.7,109686.7,131.70833333333334,5,0.0013683575597674968,303437391.62849003,0.00397009301236819,0.5,HIGH_ACTIVITY_SESSION_TSMOM,1,2025-10-31 07:35:00+00:00,109617.52916666666,2.2688927830783854,2025-10-31 07:40:00+00:00,109617.52916666666,CONFIRMATION_LEG_INVALIDATED,-0.0006306218833581623,-0.0026306218833581623,5.0
XRPUSDT,AMERICA,2025-11-03 16:00:00+00:00,2025-11-04 00:00:00+00:00,2025-11-03 16:30:00+00:00,0.013966480446927498,0.013966480446927498,0.021314997851310833,123163913.25961001,1.0,2025-11-03 23:35:00+00:00,0.002261852979556167,0.7761194029850123,0.1902528134496948,2.305,2.2983,2.3042,0.009316666666666714,5,0.0023976388472014,72456453.85885999,0.0090996010698382,1.0,SESSION_BREADTH_TSMOM,2,2025-11-03 23:35:00+00:00,2.297368333333333,27.289535712573066,2025-11-04 00:00:00+00:00,2.308,SESSION_END,0.0016491623990972926,-0.0003508376009027075,25.0
BTCUSDT,AMERICA,2025-11-04 16:00:00+00:00,2025-11-05 00:00:00+00:00,2025-11-04 16:30:00+00:00,-0.0044233246766843815,0.0044233246766843815,0.00986935536561988,1014616011.4860001,-1.0,2025-11-04 23:35:00+00:00,-0.0010959386037209251,0.6612999403697714,-0.042875244482623254,101215.7,101048.0,101080.9,367.2583333333375,5,0.0013414566411683593,488089095.94549996,0.005316097661487652,1.0,SESSION_BREADTH_TSMOM,2,2025-11-04 23:35:00+00:00,101252.42583333333,13.70896854852759,2025-11-04 23:40:00+00:00,101252.42583333333,CONFIRMATION_LEG_INVALIDATED,-0.0016969163643509866,-0.0036969163643509866,5.0
BTCUSDT,ASIA,2025-11-06 00:00:00+00:00,2025-11-06 08:00:00+00:00,2025-11-06 00:30:00+00:00,-0.004338530581584621,0.004338530581584621,0.005548118686017424,258173605.0702,-1.0,2025-11-06 07:35:00+00:00,-0.0027553191489361195,0.9716916780354604,-0.32201194392019794,103400.0,103106.8,103115.1,244.0500000000029,5,0.0013974914433782515,304884665.40573,0.004116663705773679,0.75,SESSION_BREADTH_TSMOM,2,2025-11-06 07:35:00+00:00,103424.405,7.322036791433481,2025-11-06 07:40:00+00:00,103424.405,CONFIRMATION_LEG_INVALIDATED,-0.002999609174601847,-0.004999609174601847,5.0
BTCUSDT,ASIA,2025-11-07 00:00:00+00:00,2025-11-07 08:00:00+00:00,2025-11-07 00:30:00+00:00,-0.004093554551772183,0.004093554551772183,0.008846500094762748,350761433.2857,-1.0,2025-11-07 07:35:00+00:00,-0.0014243894771999166,0.6087321578505532,-0.2274641125683372,101824.8,101586.6,101653.0,141.3999999999966,5,0.001426658572104389,304884665.40573,0.0041447055936353625,1.0,SESSION_BREADTH_TSMOM,2,2025-11-07 07:35:00+00:00,101838.94,12.248652876489285,2025-11-07 07:50:00+00:00,101838.94,CONFIRMATION_LEG_INVALIDATED,-0.0018291639203957821,-0.003829163920395782,15.0
BTCUSDT,EUROPE,2025-11-07 08:00:00+00:00,2025-11-07 16:00:00+00:00,2025-11-07 08:30:00+00:00,-0.0021887030757553605,0.0021887030757553605,0.003673334104739947,126082950.3669,-1.0,2025-11-07 15:35:00+00:00,-0.0026857308663958968,0.6102610261026244,-0.034241023394996906,101116.1,100671.7,100706.9,520.2750000000002,5,0.001298261231869824,328830639.13288,0.003648810387718052,1.0,SESSION_BREADTH_TSMOM,2,2025-11-07 15:35:00+00:00,101168.1275,3.394406815010092,2025-11-07 16:00:00+00:00,100758.0,SESSION_END,-0.0005074130968185653,-0.0025074130968185653,25.0
XRPUSDT,AMERICA,2025-11-07 16:00:00+00:00,2025-11-08 00:00:00+00:00,2025-11-07 16:30:00+00:00,0.014154569710125298,0.014154569710125298,0.02125446569891001,79474801.51967,1.0,2025-11-07 23:35:00+00:00,0.004104735568613904,1.0,0.38685868404258006,2.3239,2.3144,2.3239,0.00678333333333329,5,0.0025893987336132462,72456453.85885999,0.009475693998077723,1.0,SESSION_BREADTH_TSMOM,2,2025-11-07 23:35:00+00:00,2.313721666666667,24.522621817166716,2025-11-07 23:55:00+00:00,2.313721666666667,CONFIRMATION_LEG_INVALIDATED,-0.0043798499648578515,-0.0063798499648578515,20.0
BTCUSDT,ASIA,2025-11-14 00:00:00+00:00,2025-11-14 08:00:00+00:00,2025-11-14 00:30:00+00:00,-0.0023260411241662338,0.0023260411241662338,0.009336275504418717,796244139.1963,-1.0,2025-11-14 07:35:00+00:00,-0.00484003911349562,0.9107899807321717,-0.38671201771712826,97674.9,97155.9,97191.8,467.2166666666647,5,0.0015835398147092117,304884665.40573,0.004273643622027782,1.0,SESSION_BREADTH_TSMOM,2,2025-11-14 07:35:00+00:00,97721.62166666666,7.672361623892491,2025-11-14 08:00:00+00:00,97099.9,SESSION_END,0.0009455530199050655,-0.0010544469800949346,25.0
BTCUSDT,EUROPE,2025-11-15 08:00:00+00:00,2025-11-15 16:00:00+00:00,2025-11-15 08:30:00+00:00,-0.0035476423652472944,0.0035476423652472944,0.005474128485719506,279607591.6896,-1.0,2025-11-15 15:35:00+00:00,-0.002216410992152751,0.799326095095496,-0.3237410665123436,96326.9,96059.8,96113.4,171.875,5,0.0013582651196824003,323433416.7463,0.003755706638046415,1.0,SESSION_BREADTH_TSMOM,2,2025-11-15 15:35:00+00:00,96344.0875,7.613925183693566,2025-11-15 16:00:00+00:00,96222.1,SESSION_END,-0.001130955725216376,-0.003130955725216376,25.0
BTCUSDT,AMERICA,2025-11-18 16:00:00+00:00,2025-11-19 00:00:00+00:00,2025-11-18 16:30:00+00:00,0.00892284992703396,0.00892284992703396,0.013646521596312454,887356357.3273,1.0,2025-11-18 23:35:00+00:00,0.000748998282153579,0.537094281298324,0.1164678111935129,92880.0,92750.6,92860.1,158.02500000000146,5,0.0013932754201574915,537082514.1139299,0.005483462564975158,1.0,SESSION_BREADTH_TSMOM,2,2025-11-18 23:35:00+00:00,92734.7975,31.875990797756693,2025-11-18 23:50:00+00:00,92734.7975,CONFIRMATION_LEG_INVALIDATED,-0.0013493685662626653,-0.0033493685662626654,15.0
BTCUSDT,ASIA,2025-11-20 00:00:00+00:00,2025-11-20 08:00:00+00:00,2025-11-20 00:30:00+00:00,0.003267438175480031,0.003267438175480031,0.007975171841021134,294103409.087,1.0,2025-11-20 07:35:00+00:00,0.0020957722202452622,0.8363004776378151,0.31093822887717937,92129.5,91899.2,92091.9,195.9250000000017,5,0.0016246254251763848,309445124.60868996,0.004398002779939873,1.0,SESSION_BREADTH_TSMOM,2,2025-11-20 07:35:00+00:00,91879.6075,7.29404904148384,2025-11-20 08:00:00+00:00,92267.4,SESSION_END,0.0019057050620086002,-9.42949379913998e-05,25.0
BTCUSDT,AMERICA,2025-11-22 16:00:00+00:00,2025-11-23 00:00:00+00:00,2025-11-22 16:30:00+00:00,0.0038414100681507524,0.0038414100681507524,0.005555562150477387,163769431.9309,1.0,2025-11-22 23:35:00+00:00,0.0018062565803977915,0.6069730586370514,0.22036759422823593,84997.8,84745.4,84969.5,194.08333333333212,5,0.0014159880600529973,567265305.54442,0.005530459381834776,1.0,SESSION_BREADTH_TSMOM,2,2025-11-22 23:35:00+00:00,84725.99166666665,5.450393752174046,2025-11-22 23:45:00+00:00,84725.99166666665,CONFIRMATION_LEG_INVALIDATED,-0.002865832249611233,-0.004865832249611233,10.0
SOLUSDT,AMERICA,2025-11-23 16:00:00+00:00,2025-11-24 00:00:00+00:00,2025-11-23 16:30:00+00:00,-0.005947899412738988,0.005947899412738988,0.011519349495557907,82124556.75189999,-1.0,2025-11-23 23:35:00+00:00,-0.0032784385483379808,0.7678571428571909,-0.12140035020617601,131.17,130.61,130.73,0.5033333333333351,5,0.003372914557817075,181805254.460492,0.011434846985725187,0.75,SESSION_BREADTH_TSMOM,2,2025-11-23 23:35:00+00:00,131.22033333333331,3.1088081488235,2025-11-24 00:00:00+00:00,130.51,SESSION_END,0.0016828577985160686,-0.0003171422014839314,25.0
ETHUSDT,AMERICA,2025-11-25 16:00:00+00:00,2025-11-26 00:00:00+00:00,2025-11-25 16:30:00+00:00,0.011823688147633682,0.011823688147633682,0.014916090512371362,349413756.04043007,1.0,2025-11-25 23:35:00+00:00,0.0019347453935838477,0.681331747919121,0.0896620892700779,2967.36,2958.95,2967.36,12.851666666666764,5,0.002992332230447259,680203025.9746269,0.010297105206592917,1.0,SESSION_BREADTH_TSMOM,2,2025-11-25 23:35:00+00:00,2957.6648333333333,11.447562199207288,2025-11-25 23:55:00+00:00,2957.6648333333333,CONFIRMATION_LEG_INVALIDATED,-0.0032672701211402533,-0.005267270121140253,20.0
SOLUSDT,EUROPE,2025-11-26 08:00:00+00:00,2025-11-26 16:00:00+00:00,2025-11-26 08:30:00+00:00,-0.011227116704805473,0.011227116704805473,0.01201372997711655,60116471.247099996,-1.0,2025-11-26 15:35:00+00:00,-0.002478676095355903,0.5573770491803004,-0.09753436460817777,137.38,136.77,136.83,1.1249999999999976,5,0.0029118101899442417,119823694.50763999,0.008385874628165733,1.0,SESSION_BREADTH_TSMOM,2,2025-11-26 15:35:00+00:00,137.4925,11.047516844969786,2025-11-26 16:00:00+00:00,136.59,SESSION_END,0.0017540013155010747,-0.0002459986844989253,25.0
ETHUSDT,EUROPE,2025-11-28 08:00:00+00:00,2025-11-28 16:00:00+00:00,2025-11-28 08:30:00+00:00,0.005539759943735678,0.005539759943735678,0.007363014269381708,232869784.03247002,1.0,2025-11-28 15:35:00+00:00,0.0017878059305838079,0.513513513513533,0.1807936030117867,3087.77,3077.04,3087.5,13.168333333333331,5,0.002704968460225221,413088680.81968194,0.006746123607886005,1.0,SESSION_BREADTH_TSMOM,2,2025-11-28 15:35:00+00:00,3075.7231666666667,4.470541012854979,2025-11-28 15:40:00+00:00,3075.7231666666667,CONFIRMATION_LEG_INVALIDATED,-0.003814358974359,-0.005814358974359,5.0
SOLUSDT,AMERICA,2025-11-28 16:00:00+00:00,2025-11-29 00:00:00+00:00,2025-11-28 16:30:00+00:00,-0.015325941097535267,0.015325941097535267,0.016102832120912302,138601306.37478,-1.0,2025-11-28 23:35:00+00:00,-0.0010172939979655737,0.5384615384616142,-0.05223497028077906,137.64,137.38,137.48,0.253333333333335,5,0.003524560167460389,181805254.460492,0.011479838598187969,1.0,SESSION_BREADTH_TSMOM,2,2025-11-28 23:35:00+00:00,137.6653333333333,12.198844690526137,2025-11-29 00:00:00+00:00,137.28,SESSION_END,0.0014547570555716316,-0.0005452429444283684,25.0
BTCUSDT,AMERICA,2025-12-02 16:00:00+00:00,2025-12-03 00:00:00+00:00,2025-12-02 16:30:00+00:00,-0.006214128083938619,0.006214128083938619,0.012696951410209538,995695551.1962999,-1.0,2025-12-02 23:35:00+00:00,-0.002154081187254464,0.880071333036075,-0.3201234346878382,91648.0,91423.7,91442.6,135.6666666666691,5,0.0015349465345603774,574904377.2685101,0.006102703019753131,0.75,SESSION_BREADTH_TSMOM,2,2025-12-02 23:35:00+00:00,91661.56666666667,14.740160692617794,2025-12-03 00:00:00+00:00,91249.1,SESSION_END,0.002116081563735106,0.00011608156373510599,25.0
BTCUSDT,EUROPE,2025-12-04 08:00:00+00:00,2025-12-04 16:00:00+00:00,2025-12-04 08:30:00+00:00,-0.0028299512095845136,0.0028299512095845136,0.006066935522742912,223676323.2018,-1.0,2025-12-04 15:35:00+00:00,-0.0008807335483835832,0.5422488356619988,-0.1395509403549614,92547.3,92397.0,92455.0,332.9916666666686,5,0.0015068224862266888,320361146.31058,0.004122482142008329,1.0,SESSION_BREADTH_TSMOM,2,2025-12-04 15:35:00+00:00,92580.59916666667,5.5278652458221655,2025-12-04 15:40:00+00:00,92580.59916666667,CONFIRMATION_LEG_INVALIDATED,-0.0013584897157175035,-0.0033584897157175036,5.0
BTCUSDT,ASIA,2025-12-15 00:00:00+00:00,2025-12-15 08:00:00+00:00,2025-12-15 00:30:00+00:00,0.004257888214546757,0.004257888214546757,0.006103124418398831,342469298.9112,1.0,2025-12-15 07:35:00+00:00,0.0006152980287010834,0.8690851735015194,0.2989388211754398,89610.2,89546.8,89605.2,101.59166666666594,5,0.0016970726240159717,311421086.4772,0.005031077048856085,1.0,SESSION_BREADTH_TSMOM,2,2025-12-15 07:35:00+00:00,89536.64083333334,6.087165062451855,2025-12-15 07:40:00+00:00,89536.64083333334,CONFIRMATION_LEG_INVALIDATED,-0.0007651248662651211,-0.002765124866265121,5.0
XRPUSDT,EUROPE,2025-12-20 08:00:00+00:00,2025-12-20 16:00:00+00:00,2025-12-20 08:30:00+00:00,0.007370236788458495,0.007370236788458495,0.007527050337149113,20461593.00336,1.0,2025-12-20 15:35:00+00:00,0.0017189290551098413,1.0,0.22158480006693004,1.9231,1.9198,1.9231,0.0054333333333333456,5,0.0025395619405026437,35417532.177247,0.007162697459430466,1.0,SESSION_BREADTH_TSMOM,2,2025-12-20 15:35:00+00:00,1.9192566666666666,6.099592749394277,2025-12-20 15:40:00+00:00,1.9192566666666666,CONFIRMATION_LEG_INVALIDATED,-0.001998509351221145,-0.003998509351221145,5.0
ETHUSDT,AMERICA,2025-12-23 16:00:00+00:00,2025-12-24 00:00:00+00:00,2025-12-23 16:30:00+00:00,0.00943844175186781,0.00943844175186781,0.015143182152019352,809435024.3561499,1.0,2025-12-23 23:35:00+00:00,0.0015810864225893617,0.6149802890933262,0.39197906144568107,2966.3,2958.69,2964.67,6.852500000000039,5,0.003136554831591143,667318676.2463319,0.011010672214860207,1.0,SESSION_BREADTH_TSMOM,2,2025-12-23 23:35:00+00:00,2958.00475,8.277148062287432,2025-12-24 00:00:00+00:00,2963.29,SESSION_END,-0.00046548182428407525,-0.0024654818242840753,25.0
BTCUSDT,EUROPE,2025-12-25 08:00:00+00:00,2025-12-25 16:00:00+00:00,2025-12-25 08:30:00+00:00,-0.004452371921695564,0.004452371921695564,0.006214413201527701,232923324.84100002,-1.0,2025-12-25 15:35:00+00:00,-0.0012892497021095295,0.5859576664945441,-0.16363505586314608,88110.1,87916.4,87922.2,104.34166666666594,5,0.0016822624346498616,306842600.65476996,0.004205812917115675,1.0,SESSION_BREADTH_TSMOM,2,2025-12-25 15:35:00+00:00,88120.53416666668,7.82128046779136,2025-12-25 15:45:00+00:00,88120.53416666668,CONFIRMATION_LEG_INVALIDATED,-0.00225579167339629,-0.00425579167339629,10.0
SOLUSDT,ASIA,2025-12-26 00:00:00+00:00,2025-12-26 08:00:00+00:00,2025-12-26 00:30:00+00:00,-0.003501458941225555,0.003501458941225555,0.008920383493122077,111369943.43409999,-1.0,2025-12-26 07:35:00+00:00,-0.00355354546922948,0.8461538461538483,-0.08539141228830216,123.85,123.33,123.38,0.24916666666666507,5,0.0031665216005569707,102672856.67174,0.009329933634712262,1.0,SESSION_BREADTH_TSMOM,2,2025-12-26 07:35:00+00:00,123.87491666666666,2.398882257343844,2025-12-26 08:00:00+00:00,122.66,SESSION_END,0.005835629761711814,0.0038356297617118135,25.0
BTCUSDT,EUROPE,2025-12-26 08:00:00+00:00,2025-12-26 16:00:00+00:00,2025-12-26 08:30:00+00:00,0.0029626949215790788,0.0029626949215790788,0.005492293600805096,407455545.7406,1.0,2025-12-26 15:35:00+00:00,0.0015762878478671194,0.55754371695815,0.17575210041769962,87138.0,86892.1,87113.6,356.6666666666679,5,0.0017334472539222712,306842600.65476996,0.004228071362756721,1.0,SESSION_BREADTH_TSMOM,2,2025-12-26 15:35:00+00:00,86856.43333333333,4.5391117578293585,2025-12-26 16:00:00+00:00,87100.0,SESSION_END,-0.00015611798846570935,-0.0021561179884657094,25.0
SOLUSDT,ASIA,2025-12-29 00:00:00+00:00,2025-12-29 08:00:00+00:00,2025-12-29 00:30:00+00:00,0.010461587605813838,0.010461587605813838,0.014853857211308094,163849782.76770002,1.0,2025-12-29 07:35:00+00:00,0.0022766525357198475,0.7631578947368391,0.4317908777229056,127.73,127.35,127.67,0.279166666666665,5,0.0031665216005569707,101071216.16239001,0.00902261638794801,1.0,SESSION_BREADTH_TSMOM,2,2025-12-29 07:35:00+00:00,127.32208333333332,10.878070991062625,2025-12-29 08:00:00+00:00,127.83,SESSION_END,0.0012532309861361668,-0.0007467690138638333,25.0
XRPUSDT,AMERICA,2026-01-02 16:00:00+00:00,2026-01-03 00:00:00+00:00,2026-01-02 16:30:00+00:00,0.013766491109141077,0.013766491109141077,0.017155968086770574,62211195.76234001,1.0,2026-01-02 23:35:00+00:00,0.0011458177651570978,0.5476190476190426,0.15483521454880456,2.0114,2.0072,2.0096,0.005874999999999964,5,0.0027957060411376022,52212242.264746994,0.010303206508412264,1.0,SESSION_BREADTH_TSMOM,2,2026-01-02 23:35:00+00:00,2.0066125,16.398517005728202,2026-01-02 23:50:00+00:00,2.0066125,CONFIRMATION_LEG_INVALIDATED,-0.0014866142515922443,-0.0034866142515922443,15.0
BTCUSDT,ASIA,2026-01-04 00:00:00+00:00,2026-01-04 08:00:00+00:00,2026-01-04 00:30:00+00:00,0.00512385783888436,0.00512385783888436,0.011059011565657665,946248382.0116,1.0,2026-01-04 07:35:00+00:00,0.0003539183029452886,0.5151515151515855,0.33924106603221627,91326.7,91264.0,91296.3,101.10833333333358,5,0.001604777697214399,295234860.96896,0.004882442358417201,1.0,SESSION_BREADTH_TSMOM,2,2026-01-04 07:35:00+00:00,91253.88916666666,20.466788430677113,2026-01-04 08:00:00+00:00,91477.5,SESSION_END,0.0019847463697870715,-1.5253630212928512e-05,25.0
XRPUSDT,EUROPE,2026-01-05 08:00:00+00:00,2026-01-05 16:00:00+00:00,2026-01-05 08:30:00+00:00,0.0071733320830795755,0.0071733320830795755,0.010173941581883846,25308884.27747,1.0,2026-01-05 15:35:00+00:00,0.006187197618161555,0.7074468085106541,0.0843818358869941,2.167,2.1482,2.1629,0.012108333333333388,5,0.002383470685375366,31095001.789787,0.007133054965448147,1.0,SESSION_BREADTH_TSMOM,2,2026-01-05 15:35:00+00:00,2.1469891666666667,8.5852863776951,2026-01-05 16:00:00+00:00,2.1641,SESSION_END,0.0005548106708586076,-0.0014451893291413925,25.0
XRPUSDT,AMERICA,2026-01-05 16:00:00+00:00,2026-01-06 00:00:00+00:00,2026-01-05 16:30:00+00:00,0.005822012752980221,0.005822012752980221,0.009841973939561802,69698337.95442,1.0,2026-01-05 23:35:00+00:00,0.002757742893508608,0.722222222222225,0.02156069361016777,2.3643,2.3553,2.3635,0.010466666666666624,5,0.0027957060411376022,54193146.574462995,0.010483129250635981,0.25,HIGH_ACTIVITY_SESSION_TSMOM,1,2026-01-05 23:35:00+00:00,2.3542533333333333,3.347878702279936,2026-01-05 23:40:00+00:00,2.3542533333333333,CONFIRMATION_LEG_INVALIDATED,-0.003912276990339247,-0.005912276990339247,5.0
XRPUSDT,ASIA,2026-01-12 00:00:00+00:00,2026-01-12 08:00:00+00:00,2026-01-12 00:30:00+00:00,-0.007910858135159904,0.007910858135159904,0.011094496165163345,37477405.08781,-1.0,2026-01-12 07:35:00+00:00,-0.004120612759356268,0.9139784946236662,-0.18739683026282739,2.063,2.0537,2.0543,0.004933333333333345,5,0.002415248491826394,35623387.835938,0.008578984621231875,0.5,HIGH_ACTIVITY_SESSION_TSMOM,1,2026-01-12 07:35:00+00:00,2.0634933333333336,6.353671118773388,2026-01-12 08:00:00+00:00,2.0524,SESSION_END,0.0009248892566811051,-0.001075110743318895,25.0
ETHUSDT,AMERICA,2026-01-13 16:00:00+00:00,2026-01-14 00:00:00+00:00,2026-01-13 16:30:00+00:00,-0.0030724668641675112,0.0030724668641675112,0.008218377624398733,853284742.6352799,-1.0,2026-01-13 23:35:00+00:00,-0.002412153403331896,0.6949740034662051,-0.16627449555137386,3328.14,3316.6,3316.81,12.03666666666667,5,0.002543015364013801,592534094.130677,0.010930715547394835,0.75,SESSION_BREADTH_TSMOM,2,2026-01-13 23:35:00+00:00,3329.3436666666666,3.0447869402306593,2026-01-14 00:00:00+00:00,3324.69,SESSION_END,-0.002375776725227041,-0.004375776725227041,25.0
BTCUSDT,AMERICA,2026-01-15 16:00:00+00:00,2026-01-16 00:00:00+00:00,2026-01-15 16:30:00+00:00,-0.0035112642722657794,0.0035112642722657794,0.008005806613708229,823064996.3611,-1.0,2026-01-15 23:35:00+00:00,-0.0007474655265550245,0.9049429657794782,-0.19838388688470776,95522.8,95443.9,95451.4,129.6999999999983,5,0.0018641222707779237,755298881.8876399,0.007712015072987033,1.0,SESSION_BREADTH_TSMOM,2,2026-01-15 23:35:00+00:00,95535.77,4.105200835074519,2026-01-15 23:50:00+00:00,95535.77,CONFIRMATION_LEG_INVALIDATED,-0.0008839053172611244,-0.0028839053172611245,15.0
SOLUSDT,EUROPE,2026-01-20 08:00:00+00:00,2026-01-20 16:00:00+00:00,2026-01-20 08:30:00+00:00,-0.00428888718694953,0.00428888718694953,0.012790074289652965,197940571.3119,-1.0,2026-01-20 15:35:00+00:00,-0.002417530998986117,0.525423728813536,-0.18849553480514825,128.37,127.78,127.92,0.8741666666666686,5,0.002567393478017266,75937279.65053599,0.0075426753350113845,0.75,SESSION_BREADTH_TSMOM,2,2026-01-20 15:35:00+00:00,128.45741666666666,7.620264084289795,2026-01-20 16:00:00+00:00,127.78,SESSION_END,0.001094434021263302,-0.0009055659787366981,25.0
ETHUSDT,AMERICA,2026-01-21 16:00:00+00:00,2026-01-22 00:00:00+00:00,2026-01-21 16:30:00+00:00,-0.013587762350769639,0.013587762350769639,0.019098836143847744,704806478.0706201,-1.0,2026-01-21 23:35:00+00:00,-0.0025921611189108074,0.8966704936854091,-0.4637268979191428,3012.93,3004.22,3005.12,7.45750000000002,5,0.0028953482254887586,624133238.924102,0.010930715547394835,1.0,SESSION_BREADTH_TSMOM,2,2026-01-21 23:35:00+00:00,3013.67575,16.39968265006183,2026-01-22 00:00:00+00:00,2980.66,SESSION_END,0.008139442018954335,0.006139442018954335,25.0
ETHUSDT,AMERICA,2026-01-27 16:00:00+00:00,2026-01-28 00:00:00+00:00,2026-01-27 16:30:00+00:00,0.011467358727044852,0.011467358727044852,0.016838319437632848,1052269749.8333701,1.0,2026-01-27 23:35:00+00:00,0.001117772920132154,0.5596026490066439,0.45079177538771864,3027.9,3021.86,3027.25,5.706666666666706,5,0.0028953482254887586,653391781.956464,0.011010672214860207,1.0,SESSION_BREADTH_TSMOM,2,2026-01-27 23:35:00+00:00,3021.2893333333336,12.756925167009328,2026-01-28 00:00:00+00:00,3024.92,SESSION_END,-0.0007696754480138734,-0.0027696754480138735,25.0
SOLUSDT,AMERICA,2026-02-01 16:00:00+00:00,2026-02-02 00:00:00+00:00,2026-02-01 16:30:00+00:00,0.006199567014367302,0.006199567014367302,0.019385947648100754,109718088.63340001,1.0,2026-02-01 23:35:00+00:00,0.00855721393034825,0.6991869918699241,0.07057897490233267,101.38,100.15,101.36,1.1224999999999998,5,0.004264898019729513,159821056.78093597,0.01279212115618866,0.75,SESSION_BREADTH_TSMOM,2,2026-02-01 23:35:00+00:00,100.03775,3.8550962732017466,2026-02-02 00:00:00+00:00,100.73,SESSION_END,-0.006215469613259583,-0.008215469613259583,25.0
XRPUSDT,AMERICA,2026-02-02 16:00:00+00:00,2026-02-03 00:00:00+00:00,2026-02-02 16:30:00+00:00,0.008406432748538029,0.008406432748538029,0.012305068226120855,26317136.0624,1.0,2026-02-02 23:35:00+00:00,0.0019165378670789046,0.815789473684232,0.004310367384877001,1.6207,1.6169,1.6206,0.003124999999999989,5,0.0031830662085901573,61345347.25307301,0.01173557041055776,1.0,SESSION_BREADTH_TSMOM,2,2026-02-02 23:35:00+00:00,1.6165875,5.538292502000241,2026-02-03 00:00:00+00:00,1.6189,SESSION_END,-0.0010489941996791874,-0.0030489941996791874,25.0
BTCUSDT,ASIA,2026-02-03 00:00:00+00:00,2026-02-03 08:00:00+00:00,2026-02-03 00:30:00+00:00,0.002364901356546101,0.002364901356546101,0.0068214887060391825,199941568.9233,1.0,2026-02-03 07:35:00+00:00,0.0023157715359758413,0.7481511914544379,0.004659475509872557,78843.4,78600.0,78816.8,151.20833333333454,5,0.0016739628379059956,281704717.7105299,0.005441525326259024,0.25,HIGH_ACTIVITY_SESSION_TSMOM,1,2026-02-03 07:35:00+00:00,78584.87916666667,2.2137865300111232,2026-02-03 08:00:00+00:00,78749.9,SESSION_END,-0.0008488038083251936,-0.0028488038083251937,25.0
SOLUSDT,EUROPE,2026-02-04 08:00:00+00:00,2026-02-04 16:00:00+00:00,2026-02-04 08:30:00+00:00,-0.010630685883675661,0.010630685883675661,0.011755085352141382,72174251.6909,-1.0,2026-02-04 15:35:00+00:00,-0.01370890007497061,0.8888888888888823,-0.16153063716386773,93.51,92.07,92.09,1.1133333333333333,5,0.002474518907326584,62370962.383710004,0.007733867729111996,1.0,SESSION_BREADTH_TSMOM,2,2026-02-04 15:35:00+00:00,93.62133333333334,13.059590268498006,2026-02-04 16:00:00+00:00,92.69,SESSION_END,-0.006515365403409579,-0.008515365403409579,25.0
SOLUSDT,AMERICA,2026-02-06 16:00:00+00:00,2026-02-07 00:00:00+00:00,2026-02-06 16:30:00+00:00,0.018841094916459245,0.018841094916459245,0.034364261168384945,201723967.7268,1.0,2026-02-06 23:35:00+00:00,0.005247547342003278,0.766666666666669,0.21767329625860699,88.23,87.63,88.12,0.5758333333333354,5,0.004443729761590132,161952927.67338997,0.013481885769172895,1.0,SESSION_BREADTH_TSMOM,2,2026-02-06 23:35:00+00:00,87.57241666666667,21.614483440716505,2026-02-06 23:50:00+00:00,87.57241666666667,CONFIRMATION_LEG_INVALIDATED,-0.006214064154940302,-0.008214064154940302,15.0
XRPUSDT,ASIA,2026-02-07 00:00:00+00:00,2026-02-07 08:00:00+00:00,2026-02-07 00:30:00+00:00,-0.007695974937001915,0.007695974937001915,0.028195872778042707,124012693.07439001,-1.0,2026-02-07 07:35:00+00:00,-0.007315186044875799,0.6499999999999972,-0.23249012603093877,1.4229,1.4069,1.4113,0.011908333333333318,5,0.0023123343102456895,32978186.979215,0.009090866437149864,1.0,SESSION_BREADTH_TSMOM,2,2026-02-07 07:35:00+00:00,1.4240908333333333,25.031240898610147,2026-02-07 07:45:00+00:00,1.4240908333333333,CONFIRMATION_LEG_INVALIDATED,-0.009063156900257496,-0.011063156900257496,10.0
BTCUSDT,EUROPE,2026-02-08 08:00:00+00:00,2026-02-08 16:00:00+00:00,2026-02-08 08:30:00+00:00,0.007218822624240673,0.007218822624240673,0.013131395777799829,538218451.1289,1.0,2026-02-08 15:35:00+00:00,0.003737814006713691,0.8356466876971426,0.19992367354513751,71149.9,70832.9,71135.2,191.22499999999613,5,0.001711095975564958,288177791.39954,0.004811544171438816,1.0,SESSION_BREADTH_TSMOM,2,2026-02-08 15:35:00+00:00,70813.7775,23.027585875218385,2026-02-08 16:00:00+00:00,71152.6,SESSION_END,0.0002446046401782809,-0.0017553953598217192,25.0
XRPUSDT,AMERICA,2026-02-10 16:00:00+00:00,2026-02-11 00:00:00+00:00,2026-02-10 16:30:00+00:00,0.0037698271569812647,0.0037698271569812647,0.013443345899423798,33614717.62284,1.0,2026-02-10 23:35:00+00:00,0.002508960573476715,0.7777777777777997,0.09555560352986325,1.3995,1.395,1.3985,0.0027916666666666923,5,0.003274064736516147,62787902.173930004,0.012388427648469891,1.0,SESSION_BREADTH_TSMOM,2,2026-02-10 23:35:00+00:00,1.3947208333333334,2.4989372827708776,2026-02-11 00:00:00+00:00,1.3988,SESSION_END,0.00021451555237761433,-0.0017854844476223857,25.0
BTCUSDT,EUROPE,2026-02-12 08:00:00+00:00,2026-02-12 16:00:00+00:00,2026-02-12 08:30:00+00:00,-0.00424521631699204,0.00424521631699204,0.006756324285703567,134580943.2636,-1.0,2026-02-12 15:35:00+00:00,-0.0031582858558336646,0.5303292894281127,-0.08117667099501602,67970.9,67567.0,67607.4,406.1333333333314,5,0.0017081181146394453,285407222.24264,0.004851321128758943,1.0,SESSION_BREADTH_TSMOM,2,2026-02-12 15:35:00+00:00,68011.51333333332,6.922490766764763,2026-02-12 16:00:00+00:00,67107.0,SESSION_END,0.00740155663433284,0.00540155663433284,25.0
ETHUSDT,ASIA,2026-02-13 00:00:00+00:00,2026-02-13 08:00:00+00:00,2026-02-13 00:30:00+00:00,-0.006625067406209162,0.006625067406209162,0.01067200780628096,192238774.89722002,-1.0,2026-02-13 07:35:00+00:00,-0.00140857379333037,0.7248677248677325,-0.04180492725504148,1945.23,1941.45,1942.49,4.412499999999966,5,0.0022440477133102155,255468939.502671,0.008131660794824096,1.0,SESSION_BREADTH_TSMOM,2,2026-02-13 07:35:00+00:00,1945.67125,7.749168249764544,2026-02-13 08:00:00+00:00,1934.88,SESSION_END,0.003917652085724921,0.0019176520857249208,25.0
XRPUSDT,EUROPE,2026-02-13 08:00:00+00:00,2026-02-13 16:00:00+00:00,2026-02-13 08:30:00+00:00,0.007094819303820943,0.007094819303820943,0.009090237233020455,17521106.06073,1.0,2026-02-13 15:35:00+00:00,0.00548237807048757,0.6999999999999899,0.21207578402866578,1.4155,1.4045,1.4122,0.009283333333333347,5,0.0021415501273375215,25320628.561784,0.0075287709668207265,1.0,SESSION_BREADTH_TSMOM,2,2026-02-13 15:35:00+00:00,1.4035716666666667,8.000078012405579,2026-02-13 15:50:00+00:00,1.4035716666666667,CONFIRMATION_LEG_INVALIDATED,-0.00610985224000371,-0.00810985224000371,15.0
ETHUSDT,AMERICA,2026-02-13 16:00:00+00:00,2026-02-14 00:00:00+00:00,2026-02-13 16:30:00+00:00,0.01048294309118969,0.01048294309118969,0.015803085879495263,640826178.9190099,1.0,2026-02-13 23:35:00+00:00,0.0007904945470513791,0.9101123595503982,0.02231325256950889,2051.13,2049.35,2050.97,3.2666666666667274,5,0.003162233570888684,673615608.7005059,0.012710257223572574,1.0,SESSION_BREADTH_TSMOM,2,2026-02-13 23:35:00+00:00,2049.023333333333,8.243408836303383,2026-02-13 23:40:00+00:00,2049.023333333333,CONFIRMATION_LEG_INVALIDATED,-0.0009491443885901729,-0.002949144388590173,5.0
BTCUSDT,EUROPE,2026-02-14 08:00:00+00:00,2026-02-14 16:00:00+00:00,2026-02-14 08:30:00+00:00,0.004025607780047125,0.004025607780047125,0.008752263952669837,382816011.7123,1.0,2026-02-14 15:35:00+00:00,0.001281674912824604,0.9696641386781926,0.2521363808260644,69920.0,69827.7,69920.0,156.20833333333334,5,0.0017291132050348823,281163999.81087,0.004851321128758943,1.0,SESSION_BREADTH_TSMOM,2,2026-02-14 15:35:00+00:00,69812.07916666666,8.400369905568704,2026-02-14 15:40:00+00:00,69812.07916666666,CONFIRMATION_LEG_INVALIDATED,-0.0015434901792524824,-0.0035434901792524825,5.0
XRPUSDT,ASIA,2026-02-15 00:00:00+00:00,2026-02-15 08:00:00+00:00,2026-02-15 00:30:00+00:00,0.007094549794457006,0.007094549794457006,0.013459753348362276,42028960.39416,1.0,2026-02-15 07:35:00+00:00,0.004199573774602117,0.6836734693877683,0.18341367539004438,1.603,1.5932,1.6021,0.0068416666666665975,5,0.0023123343102456895,32170484.954621002,0.009176827787707975,0.5,HIGH_ACTIVITY_SESSION_TSMOM,1,2026-02-15 07:35:00+00:00,1.5925158333333334,6.750096734492322,2026-02-15 08:00:00+00:00,1.6482,SESSION_END,0.028774733162723942,0.02677473316272394,25.0
SOLUSDT,EUROPE,2026-03-04 08:00:00+00:00,2026-03-04 16:00:00+00:00,2026-03-04 08:30:00+00:00,-0.0030899519340810144,0.0030899519340810144,0.009384298466468384,71658441.82429999,-1.0,2026-03-04 15:35:00+00:00,-0.006372866709872582,0.670454545454542,-0.1773691688307769,92.76,91.88,91.99,0.9141666666666654,5,0.002537039386853457,57751831.80502,0.008226210985792815,1.0,SESSION_BREADTH_TSMOM,2,2026-03-04 15:35:00+00:00,92.85141666666667,3.0224289908982382,2026-03-04 16:00:00+00:00,92.85141666666667,CONFIRMATION_LEG_INVALIDATED,-0.009364242490125685,-0.011364242490125685,25.0
SOLUSDT,AMERICA,2026-03-04 16:00:00+00:00,2026-03-05 00:00:00+00:00,2026-03-04 16:30:00+00:00,-0.015071590052750605,0.015071590052750605,0.023683927225750766,167041400.52979997,-1.0,2026-03-04 23:35:00+00:00,-0.003639572074556119,0.71739130434781,-0.24227890255448759,90.7,90.24,90.34,0.3000000000000019,5,0.004561872864623173,138863499.653586,0.014315217593205799,1.0,SESSION_BREADTH_TSMOM,2,2026-03-04 23:35:00+00:00,90.73,10.932051147832851,2026-03-04 23:40:00+00:00,90.73,CONFIRMATION_LEG_INVALIDATED,-0.004317024573832207,-0.006317024573832207,5.0
BTCUSDT,AMERICA,2026-03-05 16:00:00+00:00,2026-03-06 00:00:00+00:00,2026-03-05 16:30:00+00:00,-0.009187046250822006,0.009187046250822006,0.01207065325917405,1137923183.5001001,-1.0,2026-03-05 23:35:00+00:00,-0.00462723635709783,0.920626048071562,-0.2433371669811525,71194.9,70837.1,70857.8,102.57499999999952,5,0.002619607588103201,755298881.8876399,0.009225142085439427,1.0,SESSION_BREADTH_TSMOM,2,2026-03-05 23:35:00+00:00,71205.1575,10.567293321370242,2026-03-06 00:00:00+00:00,70854.8,SESSION_END,4.233831702371571e-05,-0.0019576616829762843,25.0
SOLUSDT,ASIA,2026-03-09 00:00:00+00:00,2026-03-09 08:00:00+00:00,2026-03-09 00:30:00+00:00,0.007110457275959492,0.007110457275959492,0.011033468186833465,50180466.2363,1.0,2026-03-09 07:35:00+00:00,0.0016893930252201983,0.5600000000000023,0.5055626928593848,83.08,82.83,83.01,0.30166666666666586,5,0.0024570672114316294,56127921.53361,0.008566447251702596,1.0,SESSION_BREADTH_TSMOM,2,2026-03-09 07:35:00+00:00,82.79983333333332,7.454556187798803,2026-03-09 08:00:00+00:00,83.12,SESSION_END,0.0013251415492110397,-0.0006748584507889604,25.0
ETHUSDT,ASIA,2026-03-16 00:00:00+00:00,2026-03-16 08:00:00+00:00,2026-03-16 00:30:00+00:00,-0.0045230584140365515,0.0045230584140365515,0.009340000826548813,286309997.49282,-1.0,2026-03-16 07:35:00+00:00,-0.0027138538931669176,0.9070796460176858,-0.004363351239239588,2266.78,2260.0,2260.0,4.8658333333333985,5,0.0019047567747082494,208441197.58312598,0.007709534175272223,1.0,SESSION_BREADTH_TSMOM,2,2026-03-16 07:35:00+00:00,2267.2665833333335,6.523424175710169,2026-03-16 08:00:00+00:00,2248.43,SESSION_END,0.005119469026548695,0.0031194690265486952,25.0
XRPUSDT,EUROPE,2026-03-16 08:00:00+00:00,2026-03-16 16:00:00+00:00,2026-03-16 08:30:00+00:00,-0.0031705342687533555,0.0031705342687533555,0.007892606583917851,21201111.384489994,-1.0,2026-03-16 15:35:00+00:00,-0.004435911016949068,0.5037593984962319,-0.07430224504524197,1.5158,1.5025,1.5037,0.010649999999999974,5,0.0020802962634917654,21468947.930302996,0.0075287709668207265,0.75,SESSION_BREADTH_TSMOM,2,2026-03-16 15:35:00+00:00,1.5168650000000001,2.796029061471719,2026-03-16 16:00:00+00:00,1.4924,SESSION_END,0.007514796834474979,0.005514796834474979,25.0
BTCUSDT,ASIA,2026-03-18 00:00:00+00:00,2026-03-18 08:00:00+00:00,2026-03-18 00:30:00+00:00,-0.0018383074575991643,0.0018383074575991643,0.0055284592465647975,263638058.3574,-1.0,2026-03-18 07:35:00+00:00,-0.0011774349802518014,0.919576719576658,-0.11689346048298388,73804.6,73710.1,73717.6,90.97499999999975,5,0.0016209734020386501,249538161.70962995,0.005967720092291961,1.0,SESSION_BREADTH_TSMOM,2,2026-03-18 07:35:00+00:00,73813.69750000001,2.3963121460811645,2026-03-18 07:55:00+00:00,73813.69750000001,CONFIRMATION_LEG_INVALIDATED,-0.001303589644806813,-0.003303589644806813,20.0
SOLUSDT,ASIA,2026-03-22 00:00:00+00:00,2026-03-22 08:00:00+00:00,2026-03-22 00:30:00+00:00,-0.0034285714285714475,0.0034285714285714475,0.015314285714285591,178385163.4728,-1.0,2026-03-22 07:35:00+00:00,-0.0020405849676906618,0.6923076923076502,-0.38687533838193267,88.22,87.96,88.03,0.13333333333333286,5,0.002301760340574943,48773842.21147999,0.008156975375778225,0.5,HIGH_ACTIVITY_SESSION_TSMOM,1,2026-03-22 07:35:00+00:00,88.23333333333333,8.171769717844212,2026-03-22 08:00:00+00:00,87.65,SESSION_END,0.004316710212427521,0.0023167102124275214,25.0
BTCUSDT,EUROPE,2026-03-22 08:00:00+00:00,2026-03-22 16:00:00+00:00,2026-03-22 08:30:00+00:00,-0.004404474156014748,0.004404474156014748,0.006531222553694868,400183684.16789997,-1.0,2026-03-22 15:35:00+00:00,-0.000774021907869682,0.7392510402220439,-0.2677284866617682,68873.2,68801.1,68807.8,112.89166666666522,5,0.0017389315122491311,252702429.68116,0.005573482444752283,1.0,SESSION_BREADTH_TSMOM,2,2026-03-22 15:35:00+00:00,68884.48916666667,8.022164154546225,2026-03-22 16:00:00+00:00,68814.9,SESSION_END,-0.00010318597600833534,-0.0021031859760083354,25.0
BTCUSDT,ASIA,2026-03-23 00:00:00+00:00,2026-03-23 08:00:00+00:00,2026-03-23 00:30:00+00:00,0.001987300735507791,0.001987300735507791,0.005817424853348201,248423659.6377,1.0,2026-03-23 07:35:00+00:00,0.0026324448831853697,0.6196596040292196,0.23407093908732857,68027.2,67739.3,67948.1,258.8333333333309,5,0.0015910834284755815,240280313.09476998,0.0055302498680861985,1.0,SESSION_BREADTH_TSMOM,2,2026-03-23 07:35:00+00:00,67713.41666666667,2.6277658503854444,2026-03-23 08:00:00+00:00,68306.0,SESSION_END,0.00526725544937956,0.0032672554493795598,25.0
BTCUSDT,EUROPE,2026-03-30 08:00:00+00:00,2026-03-30 16:00:00+00:00,2026-03-30 08:30:00+00:00,0.001939466742805429,0.001939466742805429,0.004643772773200655,498860583.9912,1.0,2026-03-30 15:35:00+00:00,0.0035721746705998925,0.7411620043037309,0.04328972522464669,67755.8,67430.5,67735.0,224.3583333333348,5,0.0017491683096217958,263928087.53961,0.005847441393045391,1.0,SESSION_BREADTH_TSMOM,2,2026-03-30 15:35:00+00:00,67408.06416666666,4.191546727722027,2026-03-30 16:00:00+00:00,67590.2,SESSION_END,-0.002137742673654741,-0.004137742673654741,25.0
XRPUSDT,ASIA,2026-04-08 00:00:00+00:00,2026-04-08 08:00:00+00:00,2026-04-08 00:30:00+00:00,-0.005950221319207749,0.005950221319207749,0.01052173282055,36632595.18381,-1.0,2026-04-08 07:35:00+00:00,-0.0031123335263462115,0.9772727272727295,-0.3155416798063708,1.3816,1.3772,1.3773,0.0019750000000000045,5,0.0014134702016648792,20719089.060519002,0.007726954210350699,0.5,HIGH_ACTIVITY_SESSION_TSMOM,1,2026-04-08 07:35:00+00:00,1.3817975,11.164383621988815,2026-04-08 08:00:00+00:00,1.3794,SESSION_END,-0.0015247222827270424,-0.0035247222827270424,25.0
SOLUSDT,ASIA,2026-04-14 00:00:00+00:00,2026-04-14 08:00:00+00:00,2026-04-14 00:30:00+00:00,-0.0035842293906808154,0.0035842293906808154,0.007399699387212402,66630635.74169999,-1.0,2026-04-14 07:35:00+00:00,-0.0018593840790237515,0.6399999999999864,-0.5939385677675464,86.11,85.86,85.89,0.19750000000000037,5,0.0022564234393154803,45368187.87861001,0.007255784980972172,1.0,SESSION_BREADTH_TSMOM,2,2026-04-14 07:35:00+00:00,86.12975,4.6658171400138935,2026-04-14 08:00:00+00:00,85.87,SESSION_END,0.00023285597857725104,-0.001767144021422749,25.0
BTCUSDT,ASIA,2026-04-27 00:00:00+00:00,2026-04-27 08:00:00+00:00,2026-04-27 00:30:00+00:00,-0.0021751740139210884,0.0021751740139210884,0.006660357389994598,276910170.98730004,-1.0,2026-04-27 07:35:00+00:00,-0.0010354486622233816,0.9146757679179317,-0.06995054005808365,77647.6,77559.7,77567.1,102.82499999999952,5,0.0016151653873434646,241297405.67266998,0.005579870156911339,1.0,SESSION_BREADTH_TSMOM,2,2026-04-27 07:35:00+00:00,77657.8825,3.214996047732534,2026-04-27 07:50:00+00:00,77657.8825,CONFIRMATION_LEG_INVALIDATED,-0.0011703737796049385,-0.0031703737796049385,15.0
ETHUSDT,ASIA,2026-05-04 00:00:00+00:00,2026-05-04 08:00:00+00:00,2026-05-04 00:30:00+00:00,-0.004229713955902548,0.004229713955902548,0.0058449305887573015,270452964.36398,-1.0,2026-05-04 07:35:00+00:00,-0.000987987924591871,0.6610169491524618,-0.1330724582365167,2368.54,2365.0,2366.11,3.9641666666666424,5,0.0015080215713076939,192725487.591665,0.007427380850885829,1.0,SESSION_BREADTH_TSMOM,2,2026-05-04 07:35:00+00:00,2368.9364166666664,7.872017173462484,2026-05-04 07:50:00+00:00,2368.9364166666664,CONFIRMATION_LEG_INVALIDATED,-0.001194541533008353,-0.003194541533008353,15.0
XRPUSDT,EUROPE,2026-05-11 08:00:00+00:00,2026-05-11 16:00:00+00:00,2026-05-11 08:30:00+00:00,-0.0048999309868875685,0.0048999309868875685,0.006073153899240799,18757708.82275,-1.0,2026-05-11 15:35:00+00:00,-0.004037413363838227,0.7058823529411811,-0.09730872779910893,1.488,1.4795,1.4801,0.005841666666666689,5,0.0016615394248252202,17553177.656117998,0.006226329291776167,1.0,SESSION_BREADTH_TSMOM,2,2026-05-11 15:35:00+00:00,1.4885841666666666,6.3027974395888124,2026-05-11 16:00:00+00:00,1.4843,SESSION_END,-0.0028376461049928192,-0.004837646104992819,25.0
XRPUSDT,EUROPE,2026-05-12 08:00:00+00:00,2026-05-12 16:00:00+00:00,2026-05-12 08:30:00+00:00,0.00458213650663386,0.00458213650663386,0.006975789905621657,17003028.01319,1.0,2026-05-12 15:35:00+00:00,0.002394872156089356,0.8095238095238296,0.09857144615616176,1.4236,1.4194,1.4231,0.0049666666666666566,5,0.0016816659849201998,17747702.237552,0.006226329291776167,0.5,HIGH_ACTIVITY_SESSION_TSMOM,1,2026-05-12 15:35:00+00:00,1.4189033333333334,4.579107604221793,2026-05-12 16:00:00+00:00,1.4232,SESSION_END,7.026913077079477e-05,-0.0019297308692292053,25.0
XRPUSDT,ASIA,2026-05-20 00:00:00+00:00,2026-05-20 08:00:00+00:00,2026-05-20 00:30:00+00:00,-0.0037480708458882406,0.0037480708458882406,0.008818990225619175,17754066.74121,-1.0,2026-05-20 07:35:00+00:00,-0.0009480746791132866,0.6842105263158264,-0.033000296440689025,1.3713,1.3694,1.3699,0.0020000000000000018,5,0.0015696183092992477,18198002.026249,0.006928780213951079,1.0,SESSION_BREADTH_TSMOM,2,2026-05-20 07:35:00+00:00,1.3715,6.078631367054975,2026-05-20 08:00:00+00:00,1.3677,SESSION_END,0.0016059566391707358,-0.0003940433608292642,25.0
SOLUSDT,EUROPE,2026-05-23 08:00:00+00:00,2026-05-23 16:00:00+00:00,2026-05-23 08:30:00+00:00,-0.0024333860566979615,0.0024333860566979615,0.005596787930405083,135109403.5562,-1.0,2026-05-23 15:35:00+00:00,-0.0032188841201715723,0.8999999999999526,-0.4080103539450376,83.9,83.6,83.61,0.260833333333333,5,0.0022351824626765104,46477299.238189995,0.007175907736060948,0.75,SESSION_BREADTH_TSMOM,2,2026-05-23 15:35:00+00:00,83.92608333333334,5.538354820238102,2026-05-23 15:50:00+00:00,83.92608333333334,CONFIRMATION_LEG_INVALIDATED,-0.0037804489096200378,-0.005780448909620038,15.0
XRPUSDT,AMERICA,2026-06-02 16:00:00+00:00,2026-06-03 00:00:00+00:00,2026-06-02 16:30:00+00:00,0.013511300360301348,0.013511300360301348,0.019161480510972703,38029186.36312,1.0,2026-06-02 23:35:00+00:00,0.00483293058911749,0.6105263157894725,0.10585097007361188,1.2076,1.1981,1.2059,0.007033333333333354,5,0.0020029760010059627,27862076.125154,0.008804935659316924,1.0,SESSION_BREADTH_TSMOM,2,2026-06-02 23:35:00+00:00,1.1973966666666667,29.359879818239012,2026-06-03 00:00:00+00:00,1.211,SESSION_END,0.004229206401857644,0.0022292064018576436,25.0
XRPUSDT,ASIA,2026-06-03 00:00:00+00:00,2026-06-03 08:00:00+00:00,2026-06-03 00:30:00+00:00,0.007100982577821657,0.007100982577821657,0.01106432169102457,22331242.713049997,1.0,2026-06-03 07:35:00+00:00,0.0008837470876517095,0.5789473684211018,0.4344082894628336,1.2464,1.2445,1.2458,0.003625000000000008,5,0.0016958364314746954,17219304.034291,0.006817742247657912,1.0,SESSION_BREADTH_TSMOM,2,2026-06-03 07:35:00+00:00,1.2441375,13.590915048148911,2026-06-03 07:40:00+00:00,1.2441375,CONFIRMATION_LEG_INVALIDATED,-0.00133448386578916,-0.00333448386578916,5.0
XRPUSDT,ASIA,2026-06-05 00:00:00+00:00,2026-06-05 08:00:00+00:00,2026-06-05 00:30:00+00:00,0.004281188457915919,0.004281188457915919,0.010189228529839903,12149313.5541,1.0,2026-06-05 07:35:00+00:00,0.00623830318153451,0.7446808510638303,0.17780274495654558,1.13,1.1206,1.1291,0.008666666666666692,5,0.0017399009119277165,17219304.034291,0.006817742247657912,1.0,SESSION_BREADTH_TSMOM,2,2026-06-05 07:35:00+00:00,1.1197333333333335,7.3547946343530555,2026-06-05 08:00:00+00:00,1.1356,SESSION_END,0.005756797449295803,0.003756797449295803,25.0
SOLUSDT,ASIA,2026-06-06 00:00:00+00:00,2026-06-06 08:00:00+00:00,2026-06-06 00:30:00+00:00,0.012578616352201255,0.012578616352201255,0.016509433962264106,46386894.861,1.0,2026-06-06 07:35:00+00:00,0.0033535611625679085,0.7000000000000095,0.1018917076732524,62.87,62.57,62.83,0.3325000000000002,5,0.0022555532726068472,40010541.66819999,0.007090029612408228,1.0,SESSION_BREADTH_TSMOM,2,2026-06-06 07:35:00+00:00,62.53675,25.971313369006126,2026-06-06 08:00:00+00:00,62.75,SESSION_END,-0.0012732770969281493,-0.0032732770969281493,25.0
BTCUSDT,EUROPE,2026-06-07 08:00:00+00:00,2026-06-07 16:00:00+00:00,2026-06-07 08:30:00+00:00,0.0021486066125773196,0.0021486066125773196,0.005395568098002117,377589415.76269996,1.0,2026-06-07 15:35:00+00:00,0.0017065893400325383,0.6728198599617955,0.13336873637646507,62080.4,61923.3,62042.1,167.33333333333394,5,0.001562635830511916,244546783.95543995,0.004802607519112124,0.75,SESSION_BREADTH_TSMOM,2,2026-06-07 15:35:00+00:00,61906.56666666667,3.715309813500177,2026-06-07 16:00:00+00:00,62071.6,SESSION_END,0.0004754835829219317,-0.0015245164170780683,25.0
ETHUSDT,ASIA,2026-06-08 00:00:00+00:00,2026-06-08 08:00:00+00:00,2026-06-08 00:30:00+00:00,0.004675496845519156,0.004675496845519156,0.009297728537102026,258884139.11521,1.0,2026-06-08 07:35:00+00:00,0.0013988020515764976,0.6290322580645507,0.09667885525914022,1675.72,1672.0,1675.2,4.501666666666608,5,0.001549958043934041,159341755.786217,0.006531318225009915,1.0,SESSION_BREADTH_TSMOM,2,2026-06-08 07:35:00+00:00,1671.5498333333333,9.801976724474747,2026-06-08 07:45:00+00:00,1671.5498333333333,CONFIRMATION_LEG_INVALIDATED,-0.0021789438077046697,-0.00417894380770467,10.0
XRPUSDT,EUROPE,2026-06-08 08:00:00+00:00,2026-06-08 16:00:00+00:00,2026-06-08 08:30:00+00:00,-0.006363319386332056,0.006363319386332056,0.009239888423988792,8618368.88326,-1.0,2026-06-08 15:35:00+00:00,-0.002132196162047073,0.5555555555555994,-0.028783366151956646,1.1729,1.1684,1.17,0.005208333333333297,5,0.0016615394248252202,17008341.128087,0.006063215146557651,1.0,SESSION_BREADTH_TSMOM,2,2026-06-08 15:35:00+00:00,1.1734208333333334,11.672578808704758,2026-06-08 15:50:00+00:00,1.1734208333333334,CONFIRMATION_LEG_INVALIDATED,-0.002923789173789215,-0.004923789173789215,15.0
SOLUSDT,ASIA,2026-06-23 00:00:00+00:00,2026-06-23 08:00:00+00:00,2026-06-23 00:30:00+00:00,-0.006397774687065483,0.006397774687065483,0.007788595271210045,37207125.6435,-1.0,2026-06-23 07:35:00+00:00,-0.0017045454545455696,0.545454545454569,-0.42677656602018166,70.42,70.2,70.28,0.16749999999999923,5,0.002231411551279594,38914838.3891,0.006859131208407714,1.0,SESSION_BREADTH_TSMOM,2,2026-06-23 07:35:00+00:00,70.43675,6.511323699098175,2026-06-23 08:00:00+00:00,69.95,SESSION_END,0.004695503699487791,0.0026955036994877907,25.0
SOLUSDT,AMERICA,2026-06-24 16:00:00+00:00,2026-06-25 00:00:00+00:00,2026-06-24 16:30:00+00:00,0.007431629013079588,0.007431629013079588,0.0111474435196195,89250022.2555,1.0,2026-06-24 23:35:00+00:00,0.0010303208713571266,0.5384615384616142,0.4095756566107158,68.05,67.92,68.01,0.17583333333333565,5,0.002318874133980131,61632682.94405,0.00899334950416894,1.0,SESSION_BREADTH_TSMOM,2,2026-06-24 23:35:00+00:00,67.90241666666667,9.281840486457629,2026-06-24 23:45:00+00:00,67.90241666666667,CONFIRMATION_LEG_INVALIDATED,-0.001581875214429318,-0.003581875214429318,10.0
SOLUSDT,AMERICA,2026-06-26 16:00:00+00:00,2026-06-27 00:00:00+00:00,2026-06-26 16:30:00+00:00,0.002498958767180204,0.002498958767180204,0.02151881160627532,172374080.72800002,1.0,2026-06-26 23:35:00+00:00,0.0026514094334355587,0.7599999999999909,0.3743315982246582,71.9,71.65,71.85,0.1733333333333332,5,0.002318874133980131,61131954.8241,0.00899334950416894,0.25,HIGH_ACTIVITY_SESSION_TSMOM,1,2026-06-26 23:35:00+00:00,71.63266666666667,3.7983554773338906,2026-06-27 00:00:00+00:00,71.87,SESSION_END,0.00027835768963124785,-0.0017216423103687522,25.0
SOLUSDT,AMERICA,2026-06-29 16:00:00+00:00,2026-06-30 00:00:00+00:00,2026-06-29 16:30:00+00:00,-0.013264753654574801,0.013264753654574801,0.016242555495397982,58451576.264,-1.0,2026-06-29 23:35:00+00:00,-0.002527940393826422,0.6333333333333317,-0.43248013450503886,75.16,74.86,74.97,0.18333333333333357,5,0.0023847332913855546,60181113.757539995,0.00931633395737478,1.0,SESSION_BREADTH_TSMOM,2,2026-06-29 23:35:00+00:00,75.17833333333333,19.395397344965982,2026-06-29 23:50:00+00:00,75.17833333333333,CONFIRMATION_LEG_INVALIDATED,-0.0027788893335112252,-0.004778889333511225,15.0
SOLUSDT,EUROPE,2026-07-01 08:00:00+00:00,2026-07-01 16:00:00+00:00,2026-07-01 08:30:00+00:00,-0.0026727248429774253,0.0026727248429774253,0.007617265802485733,43185529.3676,-1.0,2026-07-01 15:35:00+00:00,-0.0036124371048896764,0.6511627906976882,-0.09193241888095205,77.61,77.18,77.23,0.42416666666666697,5,0.0021119573026258665,37975354.03903,0.006359649158417055,1.0,SESSION_BREADTH_TSMOM,2,2026-07-01 15:35:00+00:00,77.65241666666667,3.031552300140532,2026-07-01 16:00:00+00:00,77.4,SESSION_END,-0.0022012171435970007,-0.004201217143597001,25.0
XRPUSDT,AMERICA,2026-07-03 16:00:00+00:00,2026-07-04 00:00:00+00:00,2026-07-03 16:30:00+00:00,-0.0025902107895676707,0.0025902107895676707,0.0063415505537691005,20340414.46157,-1.0,2026-07-03 23:35:00+00:00,-0.0008816009873932051,0.666666666666716,-0.10287955109354974,1.1347,1.1332,1.1333,0.001833333333333372,5,0.0020461479740112587,18727116.017840996,0.007381571599875592,0.25,HIGH_ACTIVITY_SESSION_TSMOM,1,2026-07-03 23:35:00+00:00,1.1348833333333335,1.7186877443035087,2026-07-03 23:40:00+00:00,1.1348833333333335,CONFIRMATION_LEG_INVALIDATED,-0.0013970999147034924,-0.0033970999147034924,5.0
ETHUSDT,ASIA,2026-07-08 00:00:00+00:00,2026-07-08 08:00:00+00:00,2026-07-08 00:30:00+00:00,0.004676196016197176,0.004676196016197176,0.006940875487809678,120841738.90255998,1.0,2026-07-08 07:35:00+00:00,0.0022142579952975083,0.960396039603942,0.18281066512443367,1756.16,1752.12,1756.16,3.655833333333362,5,0.0015805757835060663,159341755.786217,0.006019392160496491,1.0,SESSION_BREADTH_TSMOM,2,2026-07-08 07:35:00+00:00,1751.7544166666667,6.822899824307788,2026-07-08 07:40:00+00:00,1751.7544166666667,CONFIRMATION_LEG_INVALIDATED,-0.002508645757410166,-0.004508645757410166,5.0
ETHUSDT,ASIA,2026-07-13 00:00:00+00:00,2026-07-13 08:00:00+00:00,2026-07-13 00:30:00+00:00,0.013760299459555148,0.013760299459555148,0.024746389651811848,782238279.2756499,1.0,2026-07-13 07:35:00+00:00,0.002177563815494832,0.732580037664767,0.18246100474877003,1790.5,1785.19,1790.29,2.941666666666682,5,0.0016763705501876003,157857445.81519097,0.00589673680125705,1.0,SESSION_BREADTH_TSMOM,2,2026-07-13 07:35:00+00:00,1784.8958333333335,81.35080435979916,2026-07-13 07:55:00+00:00,1784.8958333333335,CONFIRMATION_LEG_INVALIDATED,-0.0030130127893617242,-0.005013012789361724,20.0
SOLUSDT,EUROPE,2026-07-14 08:00:00+00:00,2026-07-14 16:00:00+00:00,2026-07-14 08:30:00+00:00,0.004805766920304322,0.004805766920304322,0.007208650380456632,16168873.0314,1.0,2026-07-14 15:35:00+00:00,0.0025826446280992066,0.6451612903225851,0.20333908910182008,77.69,77.38,77.64,0.2483333333333325,5,0.0021064086646768176,35638369.80927999,0.0061568873860150695,1.0,SESSION_BREADTH_TSMOM,2,2026-07-14 15:35:00+00:00,77.35516666666666,5.3424789472945955,2026-07-14 15:45:00+00:00,77.35516666666666,CONFIRMATION_LEG_INVALIDATED,-0.0036686415936802996,-0.0056686415936803,10.0
ETHUSDT,EUROPE,2026-07-16 08:00:00+00:00,2026-07-16 16:00:00+00:00,2026-07-16 08:30:00+00:00,-0.009770093878769148,0.009770093878769148,0.020189433009932374,1156389429.40848,-1.0,2026-07-16 15:35:00+00:00,-0.0014809721524344788,0.7017543859649563,-0.057615000480680356,1890.73,1886.74,1887.85,6.201666666666711,5,0.0015913589847201814,159791670.71893802,0.005181726833753506,1.0,SESSION_BREADTH_TSMOM,2,2026-07-16 15:35:00+00:00,1891.3501666666666,88.86086725409307,2026-07-16 16:00:00+00:00,1880.9,SESSION_END,0.003681436554810902,0.0016814365548109018,25.0
ETHUSDT,ASIA,2026-07-20 00:00:00+00:00,2026-07-20 08:00:00+00:00,2026-07-20 00:30:00+00:00,0.004012845379884444,0.004012845379884444,0.013817867047112261,436845798.65550005,1.0,2026-07-20 07:35:00+00:00,0.0011846682390446173,0.5945945945945996,0.3229578757591509,1859.69,1855.99,1859.26,4.570833333333383,5,0.0016612998595219586,157166034.83352202,0.00571625119563982,1.0,SESSION_BREADTH_TSMOM,2,2026-07-20 07:35:00+00:00,1855.5329166666668,13.427768965357835,2026-07-20 08:00:00+00:00,1863.11,SESSION_END,0.0020707163064874745,7.071630648747447e-05,25.0
BTCUSDT,ASIA,2026-07-27 00:00:00+00:00,2026-07-27 08:00:00+00:00,2026-07-27 00:30:00+00:00,-0.003247408803338181,0.003247408803338181,0.005122737674225111,249695157.4962,-1.0,2026-07-27 07:35:00+00:00,-0.001176184482012399,0.6355371900826566,-0.2956209537962984,65380.9,65259.9,65304.0,59.333333333335155,5,0.001751875988482643,195436317.26248002,0.00451371492904983,1.0,SESSION_BREADTH_TSMOM,2,2026-07-27 07:35:00+00:00,65386.833333333336,4.736618956115453,2026-07-27 08:00:00+00:00,65195.9,SESSION_END,0.001655335048388995,-0.000344664951611005,25.0
XRPUSDT,ASIA,2026-07-28 00:00:00+00:00,2026-07-28 08:00:00+00:00,2026-07-28 00:30:00+00:00,-0.0020651459682717865,0.0020651459682717865,0.005162864920679678,13496414.651570002,-1.0,2026-07-28 07:35:00+00:00,-0.0007565011820331868,0.8888888888889163,-0.08714288723751251,1.0575,1.0566,1.0567,0.0009666666666667082,5,0.0017586370589687261,12323579.830709,0.005545280121437162,1.0,SESSION_BREADTH_TSMOM,2,2026-07-28 07:35:00+00:00,1.0575966666666667,2.572089395045501,2026-07-28 08:00:00+00:00,1.0553,SESSION_END,0.0013248793413457305,-0.0006751206586542696,25.0
